input image:>>function T(layer): Tensor("import/mixed4d_3x3_bottleneck_pre_relu:0", shape=(?, ?, ?, 144), dtype=float32, device=/device:CPU:0)
T(layer)[:,:,:,channel]: Tensor("strided_slice:0", shape=(?, ?, ?), dtype=float32)
input test name:>>function T(layer): Tensor("import/mixed4d_3x3_bottleneck_pre_relu:0", shape=(?, ?, ?, 144), dtype=float32, device=/device:CPU:0)
----------render naive----------
input_obj_name: (?, ?, ?) <class 'tensorflow.python.framework.ops.Tensor'>
t_grad: Tensor("gradients/sub_grad/Reshape:0", dtype=float32) <class 'tensorflow.python.framework.ops.Tensor'>
t_score: Tensor("Mean:0", shape=(), dtype=float32) <class 'tensorflow.python.framework.ops.Tensor'>
t_input: [[[ 100.77362732  100.37616218  100.28038447]
  [ 100.12955736  100.21579401  100.33042623]
  [ 100.5304815   100.04966633  100.18590303]
  ..., 
  [ 100.12528741  100.94177879  100.50530834]
  [ 100.60670139  100.37049794  100.5107384 ]
  [ 100.29667846  100.50433768  100.3762397 ]]

 [[ 100.14460773  100.34772653  100.5361457 ]
  [ 100.30151045  100.06892868  100.24767715]
  [ 100.81057726  100.01987487  100.22584171]
  ..., 
  [ 100.21240259  100.54519779  100.56937129]
  [ 100.72780976  100.74893573  100.7120341 ]
  [ 100.34397609  100.4752628   100.07849233]]

 [[ 100.15029727  100.72371145  100.17466273]
  [ 100.5811164   100.62258253  100.91221843]
  [ 100.31441131  100.18514688  100.17642525]
  ..., 
  [ 100.50626028  100.04567263  100.79364321]
  [ 100.3441485   100.18286493  100.84117186]
  [ 100.45928803  100.85095471  100.75683163]]

 ..., 
 [[ 100.62813979  100.62465679  100.41732352]
  [ 100.78534761  100.03473138  100.70074188]
  [ 100.99717835  100.13925962  100.11305284]
  ..., 
  [ 100.1395981   100.46786901  100.11897846]
  [ 100.62938814  100.51922918  100.04524245]
  [ 100.59989622  100.37814136  100.72216477]]

 [[ 100.46322796  100.6339402   100.72452246]
  [ 100.4487415   100.54287257  100.47677056]
  [ 100.20493724  100.67275116  100.34734674]
  ..., 
  [ 100.7170129   100.45449835  100.58314698]
  [ 100.8714083   100.89440145  100.04606998]
  [ 100.80731802  100.23566342  100.62617389]]

 [[ 100.12942817  100.46766701  100.65477225]
  [ 100.25372915  100.2932013   100.84709583]
  [ 100.02201938  100.78485952  100.34325256]
  ..., 
  [ 100.41222397  100.71643316  100.98369896]
  [ 100.20468611  100.58063519  100.30885409]
  [ 100.74841682  100.16516556  100.13102153]]] <type 'numpy.ndarray'>
g: [[[  8.48177238e-04  -4.83925827e-03  -2.72052200e-03]
  [  1.58502103e-03  -6.97232597e-03  -2.91752443e-03]
  [  1.33300980e-03   1.30943442e-03  -9.86579922e-04]
  ..., 
  [ -2.84203724e-03   3.17159505e-03   2.10750173e-03]
  [ -2.43415823e-03   3.87749053e-03  -1.58960116e-03]
  [ -2.26674881e-03  -2.79214059e-04  -3.42489593e-03]]

 [[ -1.73502194e-04   1.67367049e-03   9.65067302e-04]
  [  5.24033909e-04   7.52701191e-04   6.23851782e-04]
  [  3.13097727e-03   3.76401958e-03   9.03603272e-04]
  ..., 
  [  1.10753463e-03  -5.39835356e-03   4.73023625e-04]
  [ -4.20457125e-03   2.06504855e-03   1.22285355e-03]
  [ -5.37326094e-04  -1.50433765e-03  -1.94601493e-03]]

 [[ -1.28487439e-03   3.30553157e-05   3.87494755e-03]
  [ -1.01974583e-03   1.58203498e-03   3.07638617e-03]
  [ -9.56992328e-04   2.17080023e-03   1.01295731e-03]
  ..., 
  [ -7.67724868e-03  -1.50440214e-03  -2.09562038e-03]
  [ -2.77430797e-03   5.95961418e-03  -2.38223094e-03]
  [  3.50820180e-03   2.78351275e-04  -1.36421656e-03]]

 ..., 
 [[  6.19962858e-03   9.79909580e-03   1.71704532e-03]
  [ -5.11624734e-04  -6.18686806e-03   1.73365930e-03]
  [ -7.27243489e-03  -1.28538627e-02  -2.80172389e-04]
  ..., 
  [  7.86952488e-03  -7.89503742e-04   1.00774085e-03]
  [ -1.98661396e-03   9.96524468e-03   1.69110601e-04]
  [  3.05130542e-03  -2.45753280e-03   6.99192693e-04]]

 [[  4.43416648e-03   9.55604017e-03   8.02928174e-04]
  [  1.21180736e-03  -5.79114712e-04   9.00650106e-04]
  [  2.00135075e-03  -8.03685933e-03  -1.57427811e-03]
  ..., 
  [ -2.12277379e-03  -2.79846368e-03  -6.27894467e-03]
  [ -6.31549768e-03   3.86139611e-03   5.00366208e-04]
  [  1.92211685e-03   1.36247010e-03   2.70084385e-03]]

 [[  2.64953449e-03   6.30400842e-03   9.22815874e-04]
  [ -9.92726884e-04   3.11652711e-03   8.70150921e-04]
  [  4.28625289e-03  -8.06477387e-04   1.30730495e-03]
  ..., 
  [  3.14929802e-03  -4.11079358e-03  -1.66551815e-03]
  [  4.46837675e-03  -2.62435642e-03   3.84837296e-03]
  [  8.70534964e-03   6.52202172e-04   4.03188635e-03]]]
score: -19.9814 <class 'tensorflow.python.framework.ops.Tensor'>
g.std() 0.00409257
t_grad: Tensor("gradients/sub_grad/Reshape:0", dtype=float32) <class 'tensorflow.python.framework.ops.Tensor'>
t_score: Tensor("Mean:0", shape=(), dtype=float32) <class 'tensorflow.python.framework.ops.Tensor'>
t_input: [[[ 101.39537064   96.82881797   98.28614752]
  [ 101.29143273   95.10483782   98.19177963]
  [ 101.50762384  101.00952713   99.46270575]
  ..., 
  [  98.04197562  103.26666798  102.05018014]
  [  98.82237901  103.21283293   99.34550574]
  [  98.6350731   100.29966409   97.86567251]]

 [[ 100.0174246   101.57458503  101.24357344]
  [ 100.68564546  100.62068471  100.70498211]
  [ 103.10569202  102.77903158  100.88821418]
  ..., 
  [ 101.0242638    96.58801753  100.91611398]
  [  97.64571342  102.26268795  101.60842812]
  [  99.95009746   99.37253122   98.65199594]]

 [[  99.20843982  100.74794214  103.01513352]
  [  99.83360739  101.78226897  103.16731606]
  [  99.61290279  101.77641876  100.9189581 ]
  ..., 
  [  94.87857092   98.94289371   99.25748084]
  [  98.31048451  104.55146863   99.09491396]
  [ 103.03092161  101.05499584   99.75681362]]

 ..., 
 [[ 105.1726821   107.80773365  101.67597716]
  [ 100.41030893   95.49954271  101.97157418]
  [  95.66623143   90.71693258   99.90767676]
  ..., 
  [ 105.90823242   99.88913545  100.85768744]
  [  99.17313127  107.82409883  100.16920638]
  [ 102.83660868   98.57668467  101.23469725]]

 [[ 103.71362564  107.63884876  101.31309664]
  [ 101.33703822  100.1183614   101.13697831]
  [ 101.67199662   94.78145477   99.19334633]
  ..., 
  [  99.16094615   98.40312749   95.98046296]
  [  96.24192985  103.72493853  100.41285574]
  [ 102.21629625  101.23440123  102.60598603]]

 [[ 102.07162883  105.08872357  101.33122829]
  [  99.52602594  102.57772359  101.48494659]
  [ 103.1639912   100.19368367  101.30155237]
  ..., 
  [ 102.7207686    97.70307886   99.76281642]
  [ 103.48016114   98.65689099  103.1298449 ]
  [ 107.12973968  100.64325233  103.08653382]]] <type 'numpy.ndarray'>
g: [[[ -3.13073251e-04   3.29730654e-04  -5.56876548e-05]
  [  3.00210057e-04  -4.74009139e-04  -3.82944185e-04]
  [ -1.58501440e-04  -3.11989221e-04   3.15305515e-05]
  ..., 
  [ -1.32657925e-03   2.14264472e-03  -3.88175307e-04]
  [ -1.10100125e-04   1.09875249e-03  -7.85815064e-04]
  [ -4.46906197e-04   1.04370329e-03  -6.83405742e-05]]

 [[  9.95110022e-05   8.03026138e-04   3.11456155e-04]
  [  1.89528029e-04   1.40640186e-04   2.66462957e-05]
  [  6.13593438e-04   1.09978009e-03  -4.03127866e-04]
  ..., 
  [  1.83118536e-04   4.80127812e-04   3.83168008e-05]
  [  1.01507804e-03   9.16847726e-04  -7.20773067e-04]
  [  2.93383637e-04   1.01775478e-03   3.19661165e-04]]

 [[ -6.12983480e-04   1.75431115e-03  -7.86070246e-04]
  [ -1.00601558e-03   1.75030821e-03  -8.62221525e-04]
  [  1.17754168e-03   2.64813262e-03  -7.85789103e-04]
  ..., 
  [  2.10014521e-03   1.17564469e-03   1.46380698e-04]
  [  1.09685084e-03   1.28565030e-03   9.88380052e-04]
  [  7.49935396e-04   1.79717736e-03   2.25992248e-04]]

 ..., 
 [[  7.67869526e-04   4.16103547e-04   1.78978051e-04]
  [  1.83286626e-04  -1.20468019e-03  -3.69079149e-04]
  [  1.23217178e-04  -6.09384617e-04  -5.61952591e-04]
  ..., 
  [  7.79738068e-04  -2.98757292e-03   6.68277149e-04]
  [  2.26942752e-03   1.32267806e-03  -1.02256512e-04]
  [  1.68315915e-03  -3.67899396e-04   1.55340531e-05]]

 [[  3.73548304e-04   1.29550067e-03   7.10418506e-04]
  [  1.06689590e-03   1.78461650e-03   5.17618959e-04]
  [  1.51907094e-03   9.16162680e-04   7.49227416e-04]
  ..., 
  [  4.31390945e-04   3.47244379e-04   7.44365796e-04]
  [  2.16040760e-03   2.40816455e-03  -3.90242029e-04]
  [  2.92721926e-03   2.19285372e-04  -4.89635568e-04]]

 [[  7.57988950e-04   3.42878891e-04   3.72214708e-04]
  [  8.98492406e-04   1.78610929e-03   2.20727437e-04]
  [  7.18369847e-04   1.00809964e-04   6.30454218e-04]
  ..., 
  [ -2.40680383e-04   1.02507742e-03   7.12540059e-04]
  [  2.26979004e-03   2.43760296e-04   7.24123893e-05]
  [  9.99302487e-04   3.77834076e-04   2.84683396e-04]]]
score: -29.1484 <class 'tensorflow.python.framework.ops.Tensor'>
g.std() 0.00400389
t_grad: Tensor("gradients/sub_grad/Reshape:0", dtype=float32) <class 'tensorflow.python.framework.ops.Tensor'>
t_score: Tensor("Mean:0", shape=(), dtype=float32) <class 'tensorflow.python.framework.ops.Tensor'>
t_input: [[[ 101.16079445   97.07587504   98.24442247]
  [ 101.51637094   94.74967728   97.90485128]
  [ 101.38886356  100.77576316   99.48633062]
  ..., 
  [  97.04801047  104.87208594  101.75933228]
  [  98.73988435  104.03609455   98.75671855]
  [  98.30021999  101.08167906   97.81446701]]

 [[ 100.09198515  102.17626793  101.47693799]
  [ 100.82765301  100.7260621   100.72494736]
  [ 103.5654388   103.60306305  100.58616282]
  ..., 
  [ 101.16146891   96.94776259  100.94482359]
  [  98.40628025  102.94965383  101.06837493]
  [ 100.16992082  100.13510374   98.89150827]]

 [[  98.74915006  102.06239372  102.42615517]
  [  99.07983072  103.09372136  102.52127991]
  [ 100.49519876  103.76058347  100.33019046]
  ..., 
  [  96.45214534   99.82376823   99.3671594 ]
  [  99.13232122  105.51476701   99.83547681]
  [ 103.59282521  102.40156586   99.92614269]]

 ..., 
 [[ 105.7480232   108.11950727  101.81007993]
  [ 100.54763998   94.59691273  101.69503447]
  [  95.75855428   90.26033937   99.48662294]
  ..., 
  [ 106.4924663    97.65063867  101.35840704]
  [ 100.87354378  108.81514097  100.09258871]
  [ 104.09774819   98.30102892  101.24633644]]

 [[ 103.99351391  108.60952769  101.84539145]
  [ 102.13643068  101.45551985  101.52481434]
  [ 102.81018998   95.4679074    99.75471951]
  ..., 
  [  99.48417418   98.66330707   96.53819346]
  [  97.86065705  105.52930238  100.12045935]
  [ 104.40957194  101.39870504  102.23911712]]

 [[ 102.63956674  105.34563222  101.61011735]
  [ 100.19923877  103.91600045  101.6503309 ]
  [ 103.70224374  100.26921748  101.77393238]
  ..., 
  [ 102.54043417   98.47113799  100.29670089]
  [ 105.18084521   98.83953311  103.18410128]
  [ 107.87848643  100.92635183  103.29983837]]] <type 'numpy.ndarray'>
g: [[[ -3.28159425e-04  -1.60079449e-03  -1.30600203e-03]
  [ -4.45408834e-04  -2.23651412e-03  -1.22972939e-03]
  [ -5.86873866e-05  -1.31026190e-03  -3.57365607e-05]
  ..., 
  [ -1.34695380e-03   5.33340266e-03  -1.80753926e-03]
  [ -7.51526386e-06   2.03703856e-03  -9.17296216e-04]
  [ -3.47463356e-04   6.14274933e-04   2.29343903e-04]]

 [[  1.98340858e-04  -4.43185389e-04  -4.94554290e-04]
  [ -2.45211908e-04   2.68927962e-03   2.09028018e-04]
  [  3.45580280e-04   1.83448102e-03   1.12272974e-03]
  ..., 
  [ -9.72758862e-05   2.55347788e-03  -8.02092487e-04]
  [  1.49846764e-03   3.16589512e-03  -1.96445640e-03]
  [  1.32629357e-03   2.50304677e-03   4.81438765e-04]]

 [[  4.03994112e-04   3.55626340e-03   3.56852077e-04]
  [ -4.80797462e-05   4.82268305e-03   9.37947712e-04]
  [  1.40908058e-03   3.60329915e-03   1.58401311e-03]
  ..., 
  [  2.26458558e-03   2.82801362e-03   1.57748279e-03]
  [  2.09377613e-03   2.47469288e-04   3.05284653e-03]
  [  3.27917514e-03   2.43046763e-03   3.20984604e-04]]

 ..., 
 [[  1.25006423e-03  -5.72808203e-05  -1.65934805e-04]
  [  6.46888337e-04   9.82440077e-04  -1.10069313e-03]
  [ -1.48974720e-03   3.15876910e-03   2.63102294e-04]
  ..., 
  [  4.03405633e-03  -3.91316460e-03  -5.72205870e-04]
  [  4.08702344e-03  -5.26763033e-04   5.44662820e-04]
  [  2.49862578e-03  -7.01289537e-05  -9.03625740e-04]]

 [[  3.64025036e-05  -1.28777337e-03   9.87797393e-04]
  [  7.39482057e-04   1.84915680e-03  -1.28693675e-04]
  [  1.00596808e-03   3.77654936e-03   3.05570243e-03]
  ..., 
  [  1.54856779e-03   3.02928383e-03   4.92276333e-04]
  [  2.36947206e-03   3.77178006e-03  -8.56273109e-05]
  [  1.24600751e-03   1.51258206e-03  -1.60607975e-03]]

 [[  7.39775016e-04  -5.90929645e-04  -1.09640634e-04]
  [ -1.35787544e-04   1.31592422e-03   1.00057502e-03]
  [  9.98612726e-04   3.22441396e-04   3.49077326e-03]
  ..., 
  [ -1.06814026e-03   2.05436395e-03   2.29907432e-03]
  [ -1.16539653e-03   1.00023544e-03  -9.67404689e-04]
  [  3.78137833e-04   2.89425184e-03  -8.94631376e-05]]]
score: 13.8289 <class 'tensorflow.python.framework.ops.Tensor'>
g.std() 0.00314847
t_grad: Tensor("gradients/sub_grad/Reshape:0", dtype=float32) <class 'tensorflow.python.framework.ops.Tensor'>
t_score: Tensor("Mean:0", shape=(), dtype=float32) <class 'tensorflow.python.framework.ops.Tensor'>
t_input: [[[ 100.84811057   95.55057179   97.00000957]
  [ 101.09196698   92.61863385   96.7331142 ]
  [ 101.33294379   99.52729131   99.45227934]
  ..., 
  [  95.76457715  109.95397319  100.03703401]
  [  98.7327235   105.97706926   97.88268068]
  [  97.9691425   101.66698564   98.03299538]]

 [[ 100.28097252  101.75398255  101.00570618]
  [ 100.59400494  103.28851918  100.92411792]
  [ 103.894722    105.35103256  101.65594627]
  ..., 
  [ 101.06878042   99.38082204  100.18055662]
  [  99.83408222  105.96624991   99.19655949]
  [ 101.43366827  102.52011041   99.35024308]]

 [[  99.13409238  105.45094877  102.7661786 ]
  [  99.03401835  107.6889734   103.41499535]
  [ 101.83782914  107.19395621  101.8395038 ]
  ..., 
  [  98.60993624  102.51841673  100.87025038]
  [ 101.12735782  105.750566    102.74435538]
  [ 106.7173591   104.71741612  100.23199009]]

 ..., 
 [[ 106.9391362   108.06492773  101.65197039]
  [ 101.16402199   95.5330224   100.64624842]
  [  94.33906144   93.27014552   99.73731769]
  ..., 
  [ 110.3362821    93.92201337  100.81318559]
  [ 104.76782898  108.31321932  100.611566  ]
  [ 106.47854224   98.23420715  100.38532434]]

 [[ 104.02819972  107.38248382  102.78660565]
  [ 102.84103978  103.21747296  101.40218968]
  [ 103.76871803   99.06635997  102.66631914]
  ..., 
  [ 100.95971362  101.549734     97.00725471]
  [ 100.11838801  109.12321069  100.0388701 ]
  [ 105.59681945  102.83995584  100.70877776]]

 [[ 103.34445503  104.78256997  101.5056472 ]
  [ 100.06985477  105.1698676   102.60372019]
  [ 104.65376328  100.57645299  105.10008566]
  ..., 
  [ 101.52266579  100.42862105  102.48735421]
  [ 104.0704071    99.79259886  102.26231807]
  [ 108.2387918   103.68411498  103.21459418]]] <type 'numpy.ndarray'>
g: [[[ -1.71205946e-04   4.90325445e-04   2.84523103e-05]
  [ -5.47829841e-04   1.01838494e-03   3.81750462e-04]
  [  1.09620581e-04  -1.92793872e-04  -2.27455312e-04]
  ..., 
  [  1.67864002e-03  -1.28824683e-03   1.00204546e-04]
  [  2.86999810e-03   1.22642855e-03   2.26480467e-03]
  [  7.53222732e-04   4.55269264e-03   3.94344563e-03]]

 [[ -1.70098720e-04  -4.15947288e-04   4.89609432e-04]
  [  2.50483601e-04   1.74988396e-04   5.08174824e-04]
  [  1.99628645e-03  -2.04755794e-04  -2.81392713e-04]
  ..., 
  [  1.36519794e-03  -1.00963982e-04   1.29044545e-03]
  [  3.38239898e-03   1.67488295e-03   3.57288693e-04]
  [  2.07175559e-04   2.47670308e-04   1.09730242e-03]]

 [[  6.13392680e-04  -2.56479179e-05   1.58769850e-04]
  [  6.64714549e-04   1.08017048e-06  -6.73857576e-05]
  [  7.44963763e-05   2.94302386e-04  -6.53702882e-04]
  ..., 
  [  5.47607429e-03  -7.18895998e-03   2.88967509e-03]
  [  1.81668310e-03   4.86634392e-03   3.32985609e-03]
  [ -3.88181373e-03   2.94794724e-03  -4.33400623e-04]]

 ..., 
 [[  5.00098628e-04  -2.62955204e-03   1.00301742e-03]
  [  5.96053025e-04  -1.20233733e-03  -2.75840372e-04]
  [ -1.39031722e-03  -1.96883176e-03  -1.34652259e-03]
  ..., 
  [  1.69737660e-03  -4.41168761e-03  -6.76558469e-04]
  [  2.97912979e-04  -1.28137367e-03  -1.45635731e-03]
  [  2.28226790e-03   3.54685029e-03   2.21663201e-03]]

 [[ -1.15035102e-03  -9.31819726e-04   7.68983387e-04]
  [  4.98644113e-05   1.15702068e-03   7.96305685e-05]
  [ -9.83654172e-05   1.77841212e-04  -1.15464837e-03]
  ..., 
  [  1.64525025e-03  -6.31661713e-03  -7.90173654e-04]
  [  1.93695741e-04  -1.28868560e-03   3.62531980e-04]
  [  2.10357155e-03   3.72200832e-03  -3.19409010e-05]]

 [[ -8.11875507e-04  -7.72458967e-04   8.58113694e-04]
  [ -7.09510117e-04   1.51092815e-03   2.66651186e-04]
  [  4.43226309e-04   8.29414290e-04  -3.72871757e-04]
  ..., 
  [  1.71893684e-03   1.87399983e-03   3.55374650e-05]
  [ -1.23672723e-03   3.00269597e-03   1.37726404e-03]
  [  1.14202034e-04   1.05985045e-03   7.30668718e-04]]]
score: 92.3017 <class 'tensorflow.python.framework.ops.Tensor'>
g.std() 0.00271469
t_grad: Tensor("gradients/sub_grad/Reshape:0", dtype=float32) <class 'tensorflow.python.framework.ops.Tensor'>
t_score: Tensor("Mean:0", shape=(), dtype=float32) <class 'tensorflow.python.framework.ops.Tensor'>
t_input: [[[ 100.65891188   96.09242755   97.03145205]
  [ 100.48656349   93.744045     97.15498437]
  [ 101.45408484   99.31423594   99.20091982]
  ..., 
  [  97.61963224  108.53033926  100.14776946]
  [ 101.90434124  107.33238828  100.38550285]
  [  98.80152446  106.69813932  102.39087359]]

 [[ 100.09299744  101.29432167  101.54677068]
  [ 100.87081291  103.48189783  101.48569893]
  [ 106.10080625  105.12475814  101.34498085]
  ..., 
  [ 102.57745254   99.26924735  101.60662028]
  [ 103.57195148  107.81715318   99.5913971 ]
  [ 101.66261676  102.79380939  100.56286548]]

 [[  99.811949    105.4226054   102.94163421]
  [  99.76859046  107.69016709  103.34052775]
  [ 101.92015465  107.51918806  101.11710063]
  ..., 
  [ 104.66151333   94.57393965  104.06361333]
  [ 103.13496361  111.12833404  106.42415947]
  [ 102.42758945  107.97517521   99.75304162]]

 ..., 
 [[ 107.49179225  105.15902535  102.76039899]
  [ 101.82271661   94.2043265   100.34141885]
  [  92.80263013   91.09440123   98.24928356]
  ..., 
  [ 112.21204289   89.0466834   100.06552484]
  [ 105.09705086  106.8971808    99.00215428]
  [ 109.00066319  102.1538105   102.8349112 ]]

 [[ 102.75695365  106.35273538  103.63640469]
  [ 102.89614465  104.49608963  101.49018895]
  [ 103.66001499   99.26289123  101.39032413]
  ..., 
  [ 102.77786986   94.56927764   96.1340385 ]
  [ 100.33244003  107.69909193  100.43950206]
  [ 107.92146402  106.95312504  100.67348006]]

 [[ 102.44725623  103.92893013  102.45394351]
  [  99.28577939  106.83958527  102.89839485]
  [ 105.14357006  101.49303379  104.68802728]
  ..., 
  [ 103.4222527   102.49956726  102.52662645]
  [ 102.70370717  103.11086048  103.78432434]
  [ 108.36499579  104.85534947  104.02205187]]] <type 'numpy.ndarray'>
g: [[[ -7.74355140e-05   2.96128914e-04   2.34589301e-04]
  [  5.02799958e-05   2.77062005e-04   2.81763467e-04]
  [  5.66060597e-04   1.69523817e-04   2.46488780e-05]
  ..., 
  [ -6.92992646e-04   1.05935941e-03  -2.67794792e-04]
  [  7.28912128e-04  -3.56236240e-04  -1.00503516e-04]
  [ -1.22147336e-04   9.37005854e-04   2.27455545e-04]]

 [[ -3.29851522e-04  -2.77446350e-04   4.55841189e-04]
  [ -1.77756388e-04   1.69520339e-04   5.31284604e-04]
  [  1.31742039e-03   5.71525889e-04   2.48046999e-05]
  ..., 
  [ -6.96048141e-04   1.51969289e-04  -4.67998267e-04]
  [ -3.32219061e-05  -6.28691923e-04  -3.74396419e-04]
  [  6.44426560e-04   1.34559721e-03   2.85682007e-04]]

 [[ -5.00517548e-04   6.44492335e-04   3.83575825e-05]
  [  2.20347691e-04   7.37006631e-05   2.22157658e-04]
  [  2.40291655e-03  -9.91089153e-04   1.14092938e-04]
  ..., 
  [  4.70832951e-04   1.04317139e-03  -1.59255345e-04]
  [  1.36317778e-03   6.89520850e-04   9.32281255e-04]
  [  2.00816593e-03   1.38915004e-03   3.55740485e-05]]

 ..., 
 [[  3.94746516e-04   1.42521982e-03   3.62220890e-04]
  [  7.31813954e-04   3.44171142e-03  -1.26402965e-03]
  [  3.30928829e-03  -2.78445543e-03   8.49796110e-04]
  ..., 
  [ -9.80608864e-04   3.97938956e-03  -2.37866561e-03]
  [ -1.38140190e-03   2.62655597e-03  -1.20507949e-03]
  [ -1.96905248e-03   3.07795824e-03   1.30653934e-04]]

 [[  1.55375776e-04  -6.65163447e-04   1.17679976e-03]
  [ -3.47497582e-04   1.25134003e-03   1.19376334e-03]
  [ -4.56206850e-04  -2.56212847e-03   1.20674702e-03]
  ..., 
  [ -3.91942391e-04   9.39660799e-03   1.96937588e-03]
  [  3.88236222e-05  -6.17718790e-04  -7.90918653e-04]
  [  2.01364723e-03  -2.46075587e-03  -1.44360436e-03]]

 [[  1.31501222e-03   1.89239916e-04   3.76799289e-05]
  [  1.62181648e-04   1.70067209e-03   1.67783117e-04]
  [ -1.82206871e-03  -2.71052169e-03   7.55150744e-04]
  ..., 
  [ -3.69760371e-03   1.24878180e-03   4.26099356e-03]
  [ -1.74382911e-03  -5.76318009e-03  -1.80559582e-04]
  [ -5.67269512e-04  -3.51545110e-04  -8.52450146e-04]]]
score: 153.578 <class 'tensorflow.python.framework.ops.Tensor'>
g.std() 0.00231321
t_grad: Tensor("gradients/sub_grad/Reshape:0", dtype=float32) <class 'tensorflow.python.framework.ops.Tensor'>
t_score: Tensor("Mean:0", shape=(), dtype=float32) <class 'tensorflow.python.framework.ops.Tensor'>
t_input: [[[ 100.5584864    96.4764747    97.33568896]
  [ 100.5517712    94.10336442   97.52040108]
  [ 102.18820414   99.53408996   99.23288675]
  ..., 
  [  96.72089577  109.90421368   99.8004686 ]
  [ 102.84966131  106.87038845  100.25516066]
  [  98.6431126   107.91333438  102.68585879]]

 [[  99.66521574  100.9345038   102.13794731]
  [ 100.64028211  103.70174735  102.17471754]
  [ 107.8093579   105.86596532  101.37714986]
  ..., 
  [ 101.67475348   99.46633505  100.99967721]
  [ 103.52886627  107.0018079    99.10584548]
  [ 102.49836823  104.53890322  100.93336411]]

 [[  99.16283195  106.25844217  102.99137984]
  [ 100.05435754  107.78574887  103.62864218]
  [ 105.03647716  106.23385276  101.26506681]
  ..., 
  [ 105.2721327    95.92681989  103.8570764 ]
  [ 104.90285764  112.02256798  107.63322729]
  [ 105.03196338  109.77675242   99.79917731]]

 ..., 
 [[ 108.00373571  107.00738112  103.23016027]
  [ 102.77180006   98.66785323   98.70210921]
  [  97.09441871   87.48326431   99.35137702]
  ..., 
  [ 110.94029936   94.20752057   96.98065307]
  [ 103.30552216  110.30353952   97.43929665]
  [ 106.4470152   106.14558911  103.00435521]]

 [[ 102.9584592   105.49009035  105.16258662]
  [ 102.44547792  106.11894219  103.03837072]
  [ 103.06836415   95.94008821  102.95534421]
  ..., 
  [ 102.26956306  106.75565994   98.68810564]
  [ 100.38279007  106.89797749   99.4137662 ]
  [ 110.5329464   103.76179127   98.80128148]]

 [[ 104.15268459  104.17435382  102.5028103 ]
  [  99.49611143  109.0451729   103.11599138]
  [ 102.78054439   97.97778072  105.667376  ]
  ..., 
  [  98.62686114  104.119102    108.05267368]
  [ 100.44214959   95.63663973  103.55015811]
  [ 107.62930865  104.39943354  102.91651636]]] <type 'numpy.ndarray'>
g: [[[  7.02293619e-05  -7.01568861e-05   4.06276260e-04]
  [  1.98863403e-04   1.66362443e-05   5.36662526e-04]
  [ -2.50370067e-04  -2.89670279e-04   3.26564914e-04]
  ..., 
  [  1.50942564e-04   6.10038114e-05  -1.23303675e-04]
  [  2.06118077e-03   7.85287586e-04   7.77533976e-04]
  [  1.68695510e-03   2.59684795e-03   9.63660073e-04]]

 [[ -2.27359938e-04  -2.53160251e-04   2.07152305e-04]
  [  4.77255526e-05  -4.05473053e-04   3.06390226e-04]
  [  2.60164239e-03  -3.29933973e-05  -1.46140083e-04]
  ..., 
  [ -4.80556366e-04   4.23496403e-03   2.63682508e-04]
  [  1.86354725e-03   6.00528787e-04   5.84349269e-04]
  [  1.51708617e-03  -1.04055752e-03   6.44919870e-04]]

 [[  2.34315914e-04  -3.66611988e-04  -8.55497376e-04]
  [  6.46119588e-04  -1.88937876e-04  -4.62874916e-04]
  [  5.81802160e-04   1.81530253e-03  -1.33304717e-03]
  ..., 
  [ -2.19586841e-03   7.65151111e-03   1.15091680e-03]
  [  1.00655772e-04   1.95323629e-03   2.38750223e-03]
  [ -3.39600738e-05  -1.92562782e-03   3.62009596e-04]]

 ..., 
 [[  2.49876478e-03   4.21665143e-04   9.14400676e-04]
  [  1.34123233e-03  -3.01436725e-04   1.31107180e-03]
  [  1.42751858e-04   2.90931808e-03  -1.09767611e-03]
  ..., 
  [  1.83017750e-03  -3.17797670e-03   3.31127987e-04]
  [  1.22621877e-03  -6.13898155e-05   1.61927170e-03]
  [  1.83876196e-03   1.00497878e-03  -1.50302338e-04]]

 [[ -4.78810194e-04  -1.03305292e-03   5.28813165e-04]
  [ -1.51197787e-03  -2.03496241e-03   1.34684960e-04]
  [ -1.77701085e-03  -3.85181047e-05  -5.29528654e-04]
  ..., 
  [  1.14704098e-03  -4.16175788e-03  -1.25268206e-03]
  [  5.33470244e-04   1.38190109e-04   1.53269840e-03]
  [  7.54632987e-04   2.40786071e-03   1.25810830e-03]]

 [[ -5.44554438e-04  -4.88220830e-04   6.07579597e-04]
  [ -2.16737215e-04  -8.94945697e-04   1.08692213e-03]
  [  1.63241965e-03  -1.18692277e-03   1.46113947e-04]
  ..., 
  [  3.37654725e-04  -4.84296761e-04   3.50297196e-04]
  [ -1.61066570e-03   2.22141133e-03   1.85929541e-03]
  [ -6.00259518e-04   6.45379536e-04   1.63249648e-03]]]
score: 232.171 <class 'tensorflow.python.framework.ops.Tensor'>
g.std() 0.00209725
t_grad: Tensor("gradients/sub_grad/Reshape:0", dtype=float32) <class 'tensorflow.python.framework.ops.Tensor'>
t_score: Tensor("Mean:0", shape=(), dtype=float32) <class 'tensorflow.python.framework.ops.Tensor'>
t_input: [[[ 100.65894521   96.37611956   97.91684236]
  [ 100.83623314   94.12716155   98.28806408]
  [ 101.83006504   99.11973433   99.70001789]
  ..., 
  [  96.93680988  109.99147591   99.62409023]
  [ 105.79805466  107.99369437  101.36737558]
  [ 101.05619902  111.62796689  104.06431563]]

 [[  99.33999122  100.57237352  102.43426602]
  [ 100.7085506   103.1217429   102.61299005]
  [ 111.53084852  105.81877028  101.1681054 ]
  ..., 
  [ 100.98734694  105.52419256  101.37685892]
  [ 106.19455669  107.86082765   99.94172141]
  [ 104.66846749  103.05044923  101.8558826 ]]

 [[  99.49800657  105.73402608  101.76764307]
  [ 100.97859217  107.51548478  102.96652792]
  [ 105.86870964  108.83053221   99.3582241 ]
  ..., 
  [ 102.13107711  106.87183866  105.50339245]
  [ 105.04683958  114.81655335  111.04840368]
  [ 104.98338557  107.02225942  100.31700994]]

 ..., 
 [[ 111.57806604  107.61054734  104.53815463]
  [ 104.69035103   98.2366664   100.57751738]
  [  97.29861653   91.64486633   97.7812183 ]
  ..., 
  [ 113.55825647   89.66161927   97.45431142]
  [ 105.05955334  110.21572514   99.75556605]
  [ 109.07725182  107.58314991  102.78935689]]

 [[ 102.27355046  104.01237116  105.9190216 ]
  [ 100.28268572  103.20805257  103.23102932]
  [ 100.52645875   95.88499042  102.19788576]
  ..., 
  [ 103.91033517  100.80251968   96.8962205 ]
  [ 101.14588664  107.09565001  101.60619765]
  [ 111.61240285  107.20608882  100.60092857]]

 [[ 103.37373271  103.47598372  103.37191588]
  [  99.1860821   107.7650077   104.6707671 ]
  [ 105.11562096   96.27996006  105.87638307]
  ..., 
  [  99.10985558  103.42634504  108.55375241]
  [  98.13819069   98.81423296  106.20976671]
  [ 106.77067406  105.32260959  105.25170284]]] <type 'numpy.ndarray'>
g: [[[ -1.34405229e-04   3.38629121e-04  -1.02847291e-04]
  [ -2.64387229e-04   4.25123319e-04  -1.73342763e-04]
  [  2.70968903e-05   9.08561749e-04  -8.52609519e-04]
  ..., 
  [  5.87004979e-05   5.99549210e-04   1.49827058e-04]
  [ -2.53572507e-04  -1.15024915e-03  -9.48639528e-04]
  [ -2.88794196e-04   5.93398931e-04  -7.07102241e-04]]

 [[ -2.73832615e-04   4.65288816e-04   3.33509379e-04]
  [ -2.92778015e-04   5.27261873e-04   1.65593112e-04]
  [  1.39086638e-04   6.48951333e-04  -8.08064142e-05]
  ..., 
  [  1.10519142e-03  -4.83305630e-04   1.03057806e-04]
  [  2.02021271e-04  -1.09936751e-04   9.66068619e-05]
  [  6.27485919e-04   1.99856772e-03   4.35896829e-04]]

 [[ -2.70332064e-04   1.20182510e-03   2.92194542e-04]
  [  3.39213177e-04   2.30303063e-04   2.54878920e-04]
  [  2.23431364e-03  -1.40235992e-03   3.77173710e-04]
  ..., 
  [  1.71956059e-03   1.12665072e-03   5.14553940e-05]
  [  1.52666983e-03  -1.20731973e-04   1.24021398e-03]
  [  2.26818444e-03   3.87489656e-03   7.03862868e-04]]

 ..., 
 [[ -1.31995766e-05  -3.11106473e-04   1.42379000e-03]
  [  1.19953509e-03  -3.56857374e-04  -1.19318312e-04]
  [  2.66940938e-03   4.87417355e-03  -1.15928520e-03]
  ..., 
  [ -2.10537016e-03  -2.24546553e-03  -3.06264439e-04]
  [  1.34313875e-03  -4.18784883e-04  -8.64915084e-04]
  [  2.40653055e-03  -1.84334232e-04  -2.12115748e-03]]

 [[  4.73411928e-05  -2.21584132e-03   4.84078482e-04]
  [ -1.27286254e-03  -3.71129159e-03  -1.20472803e-04]
  [ -1.96007313e-03  -1.90039689e-04  -2.37371540e-03]
  ..., 
  [  8.44434253e-04  -9.70032066e-04  -2.38184497e-04]
  [  2.22004857e-03  -2.91711738e-04  -1.24666118e-03]
  [  1.38656888e-03  -9.78746219e-04  -1.11211161e-03]]

 [[ -2.04263779e-06  -4.72930900e-04   2.93246703e-05]
  [  7.44871737e-04  -3.68596229e-05   2.99970183e-04]
  [ -1.26091682e-03   1.03151740e-03  -1.40165823e-04]
  ..., 
  [ -2.77305924e-04   1.72472163e-03   4.57904825e-04]
  [  2.31655734e-03   2.32336577e-03  -2.46526033e-04]
  [  2.25704769e-03   3.79379315e-04  -1.15209946e-03]]]
score: 283.64 <class 'tensorflow.python.framework.ops.Tensor'>
g.std() 0.0020736
t_grad: Tensor("gradients/sub_grad/Reshape:0", dtype=float32) <class 'tensorflow.python.framework.ops.Tensor'>
t_score: Tensor("Mean:0", shape=(), dtype=float32) <class 'tensorflow.python.framework.ops.Tensor'>
t_input: [[[ 100.46449403   96.86603228   97.76804772]
  [ 100.45373011   94.74221008   98.03727992]
  [ 101.86926755  100.4341989    98.46650238]
  ..., 
  [  97.02173501  110.8588756    99.840853  ]
  [ 105.43119785  106.32956785   99.99492833]
  [ 100.63838512  112.48646868  103.04131324]]

 [[  98.94382305  101.24553157  102.91677176]
  [ 100.28497311  103.88456064  102.85256241]
  [ 111.73207255  106.75764268  101.05119848]
  ..., 
  [ 102.58628612  104.82496869  101.52595812]
  [ 106.48683158  107.70177631  100.08148768]
  [ 105.57628474  105.94188319  102.48651768]]

 [[  99.10690283  107.47277022  102.19037644]
  [ 101.46934988  107.84867645  103.33527479]
  [ 109.10120995  106.80166353   99.90390134]
  ..., 
  [ 104.61885673  108.50182399  105.5778357 ]
  [ 107.25555406  114.64188399  112.84268707]
  [ 108.26488829  112.62827797  101.33532573]]

 ..., 
 [[ 111.55896951  107.16045309  106.59802726]
  [ 106.4257821    97.72038188  100.40489324]
  [ 101.16059316   98.69659172   96.10401893]
  ..., 
  [ 110.51230558   86.41298494   97.01122238]
  [ 107.00274344  109.60984679   98.50424736]
  [ 112.55890742  107.3164638    99.72056574]]

 [[ 102.34204148  100.80659567  106.61936366]
  [  98.44116791   97.83872979  103.05673493]
  [  97.69071675   95.61004993   98.76370551]
  ..., 
  [ 105.13202308   99.39912271   96.55162632]
  [ 104.35774897  106.67361515   99.80258685]
  [ 113.61842578  105.79008464   98.9919776 ]]

 [[ 103.37077752  102.79176949  103.41434143]
  [ 100.26372764  107.71168093  105.10474989]
  [ 103.29138576   97.77231111  105.67359772]
  ..., 
  [  98.70866238  105.92159146  109.21622764]
  [ 101.48967738  102.17556967  105.85310441]
  [ 110.03606469  105.87147777  103.58489924]]] <type 'numpy.ndarray'>
g: [[[ -3.82820755e-04  -3.84003681e-04   2.90789962e-04]
  [  8.77188577e-04  -2.44677532e-04   2.34973879e-04]
  [  1.94081501e-03   1.15242845e-03   1.57061222e-04]
  ..., 
  [  6.46095868e-05  -1.72969722e-03   7.24660465e-04]
  [ -6.71046786e-04   2.49433098e-04   1.58070630e-04]
  [ -1.12187071e-03   3.73105938e-03   8.38238280e-04]]

 [[ -6.84657774e-04  -1.21389492e-03  -4.69456645e-05]
  [  4.99536633e-04  -1.84959441e-04  -9.69747998e-05]
  [  3.72107769e-03   1.66044931e-03  -2.22108050e-04]
  ..., 
  [  3.74366849e-04  -1.13126240e-03   1.09795982e-03]
  [  7.90675840e-05  -7.09971413e-04   5.06923418e-04]
  [ -4.05541854e-04   1.68477301e-03   9.56192554e-04]]

 [[ -2.85825052e-04  -4.00122750e-04  -7.10583990e-04]
  [  1.64108293e-03  -1.63792749e-04  -8.12602695e-04]
  [  1.89104630e-03   1.51386077e-04  -6.13031443e-06]
  ..., 
  [  3.12346546e-03   2.36706599e-03   3.15095385e-04]
  [  8.00852722e-04   1.32284907e-03   1.08508591e-03]
  [ -4.51597851e-04   4.06201405e-04   2.31885730e-04]]

 ..., 
 [[ -6.30538270e-05   2.73008220e-04   9.71774396e-04]
  [  1.79830196e-04   2.87642819e-04   8.03571136e-04]
  [ -1.62508851e-03   4.26211307e-04   5.54105907e-04]
  ..., 
  [ -4.43439325e-03   6.32724445e-03   3.62860993e-03]
  [ -2.33141030e-03  -2.85013020e-03   2.58665811e-03]
  [  9.22573730e-04  -1.07274810e-03  -5.42700349e-04]]

 [[  8.73839832e-04  -8.54093407e-04  -3.62837745e-04]
  [  3.03777575e-04  -5.20069734e-05   3.39437422e-04]
  [ -4.57631133e-04  -1.03645900e-03  -6.17656740e-04]
  ..., 
  [ -4.82211442e-04   2.12077564e-03  -6.77320932e-04]
  [  2.41254969e-03  -8.15768028e-04   1.39686069e-03]
  [  4.10515163e-03  -1.05434062e-03   3.33421980e-04]]

 [[  7.63816759e-04  -2.58054934e-04  -1.69753417e-04]
  [  1.31844718e-06   1.16980530e-03  -1.84922334e-04]
  [ -2.73745944e-04   4.87114245e-04  -3.81956081e-04]
  ..., 
  [ -2.46527896e-04  -2.85155559e-03   8.66888673e-04]
  [  2.12237728e-03  -4.80152154e-03  -1.32380833e-03]
  [  1.25172921e-03  -2.41360627e-03   1.81844202e-03]]]
score: 339.823 <class 'tensorflow.python.framework.ops.Tensor'>
g.std() 0.00191077
t_grad: Tensor("gradients/sub_grad/Reshape:0", dtype=float32) <class 'tensorflow.python.framework.ops.Tensor'>
t_score: Tensor("Mean:0", shape=(), dtype=float32) <class 'tensorflow.python.framework.ops.Tensor'>
t_input: [[[  99.86345086   96.26313189   98.22459903]
  [ 101.83094955   94.35805704   98.40619786]
  [ 104.91642079  102.24355535   98.71309449]
  ..., 
  [  97.12317453  108.14318499  100.97859754]
  [ 104.37762877  106.7211873   100.24310523]
  [  98.8770054   118.34437407  104.35737927]]

 [[  97.86888428   99.33967043  102.84306528]
  [ 101.06926462  103.59416729  102.70030827]
  [ 117.57430621  109.36461132  100.7024804 ]
  ..., 
  [ 103.17405635  103.04884373  103.24979692]
  [ 106.6109707   106.58709411  100.8773767 ]
  [ 104.93956861  108.587041    103.9877763 ]]

 [[  98.65814664  106.8445623   101.07473246]
  [ 104.04591252  107.5915156   102.05945764]
  [ 112.0702246   107.03934543   99.89427652]
  ..., 
  [ 109.52281648  112.21820769  106.07254743]
  [ 108.51292334  116.71880736  114.54631322]
  [ 107.55586249  113.26602961  101.69939514]]

 ..., 
 [[ 111.45997261  107.58908636  108.12375   ]
  [ 106.70812236   98.17199203  101.66653045]
  [  98.60914243   99.36575972   96.97398627]
  ..., 
  [ 103.55013928   96.34699926  102.7082782 ]
  [ 103.34234066  105.1350338   102.56539886]
  [ 114.00738326  105.63220856   98.86850554]]

 [[ 103.71400331   99.46563659  106.04969459]
  [  98.91811027   97.75707687  103.58966459]
  [  96.97221846   93.98276981   97.79396088]
  ..., 
  [ 104.37493275  102.72882128   95.48820674]
  [ 108.1455438   105.3928284   101.99571139]
  [ 120.06367057  104.13472966   99.51546278]]

 [[ 104.56999889  102.38661341  103.1478221 ]
  [ 100.26579765  109.54831986  104.8144148 ]
  [ 102.86159422   98.53709903  105.07391217]
  ..., 
  [  98.32160418  101.44454067  110.57727586]
  [ 104.8218903    94.63699831  103.77467495]
  [ 112.0013271   102.08202426  106.43992239]]] <type 'numpy.ndarray'>
g: [[[ -1.22253536e-04   1.22364576e-03   5.35665167e-05]
  [ -3.69614514e-04   1.11804181e-03   1.20787692e-04]
  [  3.71884089e-05   3.80367972e-04   3.27831425e-04]
  ..., 
  [ -2.29732264e-04  -6.08059228e-04   3.83371284e-04]
  [ -1.07649248e-04   4.64619719e-04   4.40631557e-04]
  [  1.42639317e-03   9.16167279e-04   2.52324011e-04]]

 [[ -3.98905424e-04   3.97978089e-04  -1.43206809e-04]
  [ -5.86924434e-04  -7.27072242e-04   4.30215005e-06]
  [ -4.11676097e-04  -8.68017611e-04   1.43642173e-04]
  ..., 
  [  5.67984127e-04   3.53986106e-05   8.77905579e-04]
  [  3.79728532e-04   2.92534824e-04   1.74396628e-04]
  [  1.00708439e-03   1.31155679e-03   5.99968189e-05]]

 [[ -1.84334684e-04   1.51256216e-04  -4.18028038e-04]
  [ -1.02116261e-04  -7.74345885e-04   2.25813274e-05]
  [  2.17940426e-04  -1.21799734e-04   4.38537041e-04]
  ..., 
  [ -1.32294360e-03   2.00273190e-03   1.92377804e-04]
  [ -5.20076428e-04   4.07342741e-04   7.44505494e-04]
  [  5.61798282e-04  -1.39881158e-03   1.04536870e-04]]

 ..., 
 [[  8.47116607e-05  -1.08680234e-03   9.00408544e-04]
  [  3.97842348e-04   9.33902338e-04   6.17732294e-04]
  [  2.15598615e-03   1.15945330e-03   4.44855570e-04]
  ..., 
  [  3.60854855e-03  -3.22879961e-04  -1.12999999e-03]
  [  4.82786587e-03   6.24528248e-03  -1.39117835e-03]
  [ -6.91684778e-04   4.80174879e-03   7.00454286e-04]]

 [[ -5.08997706e-04  -1.57596217e-03   7.10118402e-05]
  [ -2.84364040e-04  -6.72333059e-04  -4.72437590e-04]
  [  1.05395424e-03  -5.53125807e-04   1.48500054e-04]
  ..., 
  [  4.11291607e-03   1.63404993e-03  -6.14443328e-04]
  [  3.90154007e-03   3.32876388e-03  -2.51416070e-03]
  [ -1.09132589e-03   5.66563150e-03   1.30178896e-03]]

 [[ -6.08408882e-04  -2.64774135e-05  -5.49924269e-04]
  [  1.95673667e-04  -9.62320133e-04  -1.53928442e-04]
  [  2.07505794e-03  -1.34244096e-03   8.84359353e-04]
  ..., 
  [  6.10261131e-03   4.70808987e-03  -1.65580446e-03]
  [  1.07882894e-04  -2.65757466e-04   1.59340084e-03]
  [ -1.60502107e-03  -1.06233172e-03   4.87643847e-04]]]
score: 389.269 <class 'tensorflow.python.framework.ops.Tensor'>
g.std() 0.0018107
t_grad: Tensor("gradients/sub_grad/Reshape:0", dtype=float32) <class 'tensorflow.python.framework.ops.Tensor'>
t_score: Tensor("Mean:0", shape=(), dtype=float32) <class 'tensorflow.python.framework.ops.Tensor'>
t_input: [[[  99.66089987   98.29048136   98.31334862]
  [ 101.21856821   96.2104409    98.60632022]
  [ 104.97803494  102.87375311   99.25624915]
  ..., 
  [  96.74255163  107.13574585  101.61377122]
  [ 104.19927433  107.49097431  100.97314841]
  [ 101.24026901  119.86229004  104.77543242]]

 [[  97.20797343   99.99904484  102.60579868]
  [ 100.0968419   102.38954609  102.70743612]
  [ 116.89223679  107.92647033  100.94046831]
  ..., 
  [ 104.11509853  103.10749254  104.70432049]
  [ 107.24010905  107.07176898  101.16631892]
  [ 106.60811695  110.76004253  104.08717968]]

 [[  98.35273894  107.09516526  100.38213907]
  [ 103.87672518  106.30857092  102.09687063]
  [ 112.43131067  106.8375463   100.62084945]
  ..., 
  [ 107.33094913  115.53635558  106.39128106]
  [ 107.65125511  117.39369722  115.779818  ]
  [ 108.48665602  110.94846345  101.87259294]]

 ..., 
 [[ 111.60032381  105.78846044  109.61555663]
  [ 107.36727189   99.71929153  102.68999597]
  [ 102.18120349  101.28675459   97.71102781]
  ..., 
  [ 109.52882132   95.81204823  100.836082  ]
  [ 111.34120102  115.48228569  100.26047962]
  [ 112.86139241  113.58779785  100.02902574]]

 [[ 102.87069045   96.85456524  106.16734778]
  [  98.44697284   96.64314807  102.80692483]
  [  98.71842129   93.066345     98.03999738]
  ..., 
  [ 111.18925618  105.43613291   94.4701904 ]
  [ 114.60965751  110.90796035   97.83022267]
  [ 118.25555008  113.52160958  101.67228093]]

 [[ 103.56198051  102.34274534  102.23670162]
  [ 100.5899919   107.95393733  104.5593845 ]
  [ 106.29957296   96.31292834  106.53912833]
  ..., 
  [ 108.43247645  109.24495524  107.83392106]
  [ 105.00063185   94.19668843  106.41463881]
  [ 109.34211094  100.32194154  107.24785596]]] <type 'numpy.ndarray'>
g: [[[ -8.78921477e-04   1.42390397e-03   3.49203416e-04]
  [ -2.62577960e-05   1.59755792e-03   2.03259551e-04]
  [ -3.45662382e-04   8.18167930e-04   9.54407267e-04]
  ..., 
  [  9.38579440e-04   5.47820120e-04   8.74246878e-04]
  [  9.76546376e-04   1.03235024e-03   1.35015964e-03]
  [ -6.70373498e-04   7.98346882e-04   4.94838227e-04]]

 [[ -1.07761240e-03  -1.35441020e-04  -3.17680446e-04]
  [ -3.86404165e-04  -3.45764856e-04  -3.18786449e-04]
  [ -3.12410237e-04   3.57339508e-04   4.87352401e-04]
  ..., 
  [ -4.15996328e-04  -6.42072468e-04   7.63686607e-04]
  [  8.64263449e-04   2.73807411e-04   5.49896271e-04]
  [ -3.36787634e-04  -3.74390278e-04  -8.14133091e-05]]

 [[ -4.56959271e-04  -8.35847808e-04  -7.24524958e-04]
  [  2.83002737e-05  -1.12220412e-03  -7.52105145e-04]
  [  4.24533238e-04  -2.39733694e-04  -9.16190911e-05]
  ..., 
  [  3.48847546e-03  -1.16906315e-03  -8.15263600e-04]
  [  4.77947062e-04  -9.91178094e-05   7.53888162e-04]
  [  4.80791146e-04   7.91697297e-04   4.11943474e-04]]

 ..., 
 [[ -9.46585904e-04   8.66559043e-04   3.34845769e-04]
  [ -3.60912469e-04   3.58505989e-04  -8.40796449e-04]
  [  1.57644099e-05   2.99195002e-04  -6.87356107e-04]
  ..., 
  [  1.00023026e-04  -4.54394426e-03   3.95745650e-04]
  [  1.09813362e-03  -5.54954493e-03  -2.08614883e-03]
  [  1.75323151e-03  -6.21773652e-05  -1.09488412e-03]]

 [[  3.61008337e-04   1.17229333e-03   9.35519929e-04]
  [  1.01797190e-03   6.86242071e-04   1.32869376e-04]
  [  1.52311171e-03  -2.56301137e-03  -5.82775101e-04]
  ..., 
  [ -2.87052686e-03   1.58035418e-03   5.99647406e-04]
  [ -6.13038195e-04  -1.25410396e-03  -5.43177477e-04]
  [  3.21904407e-03  -1.87706482e-03  -1.75632187e-03]]

 [[  7.37670227e-04   5.96292608e-04   1.28369592e-03]
  [  5.03422169e-04   1.21410366e-03   3.08416144e-04]
  [ -5.30229066e-04  -3.48906498e-04  -8.67792696e-04]
  ..., 
  [ -5.77216549e-03   2.18798872e-03   1.02035224e-03]
  [  1.09767099e-03   2.92914291e-03   9.37327626e-04]
  [  4.02949750e-03   1.79027230e-03  -9.35408461e-04]]]
score: 423.145 <class 'tensorflow.python.framework.ops.Tensor'>
g.std() 0.0018103
t_grad: Tensor("gradients/sub_grad/Reshape:0", dtype=float32) <class 'tensorflow.python.framework.ops.Tensor'>
t_score: Tensor("Mean:0", shape=(), dtype=float32) <class 'tensorflow.python.framework.ops.Tensor'>
t_input: [[[  98.20437347  100.65013913   98.89203969]
  [ 101.17505446   98.85787346   98.9431568 ]
  [ 104.40521201  104.22960023  100.83786877]
  ..., 
  [  98.29794175  108.04357943  103.06255104]
  [ 105.81758227  109.20175898  103.21059877]
  [ 100.12934298  121.18529023  105.59546579]]

 [[  95.42218132   99.77459542  102.07934667]
  [  99.45650271  101.81655335  102.17915128]
  [ 116.37451847  108.51864433  101.74809634]
  ..., 
  [ 103.42571991  102.0434663   105.96988266]
  [ 108.67234453  107.52551569  102.07759311]
  [ 106.05000099  110.13961242  103.95226361]]

 [[  97.59547754  105.71001936   99.18147467]
  [ 103.92362368  104.44888264  100.85050102]
  [ 113.13483639  106.44026567  100.46902062]
  ..., 
  [ 113.11196262  113.59901366  105.04024689]
  [ 108.44329689  117.22944169  117.02914244]
  [ 109.28341097  112.26044417  102.55525525]]

 ..., 
 [[ 110.0316657   107.22450012  110.17045459]
  [ 106.76917689  100.31339856  101.29664942]
  [ 102.20732787  101.78257297   96.57195861]
  ..., 
  [ 109.69457695   88.28193882  101.49190166]
  [ 113.16100021  106.28572007   96.80336635]
  [ 115.76680318  113.48475909   98.21461148]]

 [[ 103.46894435   98.79726015  107.71766781]
  [ 100.1339302    97.78037108  103.0271126 ]
  [ 101.24248344   88.81898715   97.07423727]
  ..., 
  [ 106.43229149  108.05505586   95.46391093]
  [ 113.59374617  108.82969087   96.93008274]
  [ 123.59006851  110.41098527   98.76174894]]

 [[ 104.78442886  103.33090637  104.36400999]
  [ 101.42425034  109.9659193   105.07048395]
  [ 105.42089077   95.73472931  105.10104421]
  ..., 
  [  98.86699049  112.87083476  109.52482305]
  [ 106.81966428   99.05078961  107.96795445]
  [ 116.01969177  103.28873556  105.69772082]]] <type 'numpy.ndarray'>
g: [[[  7.62766504e-05  -2.37681408e-04  -2.28931713e-05]
  [ -1.58069488e-05  -6.84688421e-05  -2.15171967e-04]
  [  1.51971413e-04  -2.08241923e-04  -1.80316056e-06]
  ..., 
  [ -4.79634677e-04  -3.15064914e-04   1.67688311e-04]
  [ -6.05037319e-04   3.96020478e-04   3.89769091e-04]
  [  3.68659908e-04   1.67168758e-03   1.97346642e-04]]

 [[  7.15591959e-05  -1.21261633e-04  -2.52192513e-05]
  [ -9.40854807e-06   4.02583217e-04  -9.86136874e-05]
  [ -1.56583319e-05   2.11737002e-04   4.58596260e-05]
  ..., 
  [  4.94690146e-04  -4.47209488e-04  -5.22807008e-04]
  [ -7.62036652e-05  -2.66560848e-04  -5.51703852e-04]
  [ -4.99614165e-04   1.47044589e-03   3.25164612e-04]]

 [[  1.91764775e-04   5.21452981e-04  -1.81737414e-05]
  [  2.15323103e-04   5.84114343e-04   1.09124812e-06]
  [  3.74762865e-04   1.10011744e-04   3.82841215e-04]
  ..., 
  [ -2.32196500e-04   4.68545797e-04  -6.71057147e-04]
  [  1.06362486e-03  -1.24066559e-04  -1.59819174e-04]
  [  6.20522187e-04  -4.11163870e-04  -1.49068088e-04]]

 ..., 
 [[  1.07783801e-03  -2.83933652e-04   4.80092858e-05]
  [  1.05367578e-03   1.18749542e-03   1.11208501e-04]
  [  1.05688407e-04   7.33992056e-05   2.45935121e-03]
  ..., 
  [  1.33012421e-03   5.87948179e-03  -1.04666583e-03]
  [ -2.05019047e-03   7.32338661e-03  -1.47421076e-03]
  [ -2.26563658e-03  -1.27363764e-03  -3.90236761e-04]]

 [[ -5.02456329e-04  -1.27888739e-03  -6.12580101e-04]
  [ -9.99641605e-04  -5.97835286e-04   3.40285886e-04]
  [  8.53851088e-04  -3.80980287e-04   1.91881065e-03]
  ..., 
  [  2.57953163e-03  -4.15460020e-03  -2.53728125e-03]
  [  7.37336348e-04  -2.94858869e-03   5.57501859e-04]
  [  8.99140316e-04   4.57256520e-03   3.49301379e-03]]

 [[ -4.07603045e-04  -7.83545431e-04  -4.14341484e-04]
  [ -5.55586070e-04  -2.35963566e-03   9.74531751e-04]
  [  1.88021141e-03  -1.53757771e-03   1.12026045e-03]
  ..., 
  [  3.59073724e-03  -4.31914860e-03  -2.01829243e-05]
  [  5.68791700e-04  -6.21433556e-03  -1.09119486e-04]
  [  6.43382140e-04   7.76585098e-03   2.33191997e-03]]]
score: 467.603 <class 'tensorflow.python.framework.ops.Tensor'>
g.std() 0.00171248
t_grad: Tensor("gradients/sub_grad/Reshape:0", dtype=float32) <class 'tensorflow.python.framework.ops.Tensor'>
t_score: Tensor("Mean:0", shape=(), dtype=float32) <class 'tensorflow.python.framework.ops.Tensor'>
t_input: [[[  98.33799757  100.2337606    98.85193463]
  [ 101.1473633    98.73792737   98.56621106]
  [ 104.67144081  103.8647948   100.83470993]
  ..., 
  [  97.45770103  107.4916378   103.35631325]
  [ 104.75765684  109.8955214   103.89340979]
  [ 100.7751742   124.11381067  105.9411845 ]]

 [[  95.5475412    99.56216509  102.03516671]
  [  99.44002048  102.52181255  102.00639639]
  [ 116.34708766  108.88957256  101.82843483]
  ..., 
  [ 104.29233533  101.26002917  105.05401116]
  [ 108.5388483   107.05854516  101.11109915]
  [ 105.17475954  112.7155907   104.52189823]]

 [[  97.93141772  106.62351877   99.14963728]
  [ 104.30083418  105.47215444  100.85241271]
  [ 113.79135902  106.63298806  101.13969513]
  ..., 
  [ 112.70519275  114.41982844  103.86466568]
  [ 110.30659197  117.01209759  116.74916565]
  [ 110.37046332  111.54015304  102.29411261]]

 ..., 
 [[ 111.91985966  106.72709528  110.25455893]
  [ 108.61504273  102.39369436  101.49146833]
  [ 102.3924765   101.91115625  100.8803354 ]
  ..., 
  [ 112.0247347    98.58181885   99.65831616]
  [ 109.56940551  119.11508293   94.22079294]
  [ 111.79778257  111.25355649   97.53098119]]

 [[ 102.58872394   96.55686079  106.64452874]
  [  98.38272332   96.73306251  103.62323724]
  [ 102.73828942   88.15157267  100.4356765 ]
  ..., 
  [ 110.95120476  100.77688336   91.01901328]
  [ 114.88543759  103.66425078   97.90673387]
  [ 125.16521364  118.42136411  104.880932  ]]

 [[ 104.07037571  101.95826433  103.6381522 ]
  [ 100.45095537  105.83222751  106.77770248]
  [ 108.7147102    93.04114726  107.06355539]
  ..., 
  [ 105.15736859  105.30440038  109.48946591]
  [ 107.8160933    88.16430165  107.77679516]
  [ 117.14679093  116.89322297  109.78285914]]] <type 'numpy.ndarray'>
g: [[[ -3.76274867e-04  -5.39816756e-06   2.59359193e-04]
  [  3.81942518e-04  -1.78982154e-04  -8.15449457e-05]
  [  8.07545672e-04   6.24636537e-04   5.47057833e-04]
  ..., 
  [  4.69143473e-04   6.48705172e-04   3.78614874e-04]
  [  6.91534486e-04  -7.16276874e-04  -1.86684381e-04]
  [  4.74184897e-04  -1.38794852e-03  -1.34502974e-04]]

 [[ -4.46599093e-04  -1.46841761e-04  -1.26047293e-04]
  [  1.39696538e-04  -1.12803036e-03  -7.95725791e-05]
  [  7.47946557e-04   5.33506274e-04   5.42742200e-04]
  ..., 
  [  6.62880833e-04   8.98870989e-04   3.06516711e-04]
  [  4.46011516e-04   1.21175451e-03  -2.79382744e-04]
  [  4.46243066e-05   2.45337491e-04   6.10318020e-05]]

 [[ -2.86414870e-04  -3.86314787e-04  -2.66189221e-04]
  [ -5.62689820e-06  -1.03872805e-03  -1.24073093e-04]
  [ -4.57968068e-04   9.34885466e-04  -4.02876176e-04]
  ..., 
  [  3.94931150e-04  -1.86759607e-05   1.39167139e-04]
  [  2.58728483e-04   4.85755329e-04  -2.86941300e-04]
  [  1.33037640e-04   7.49241095e-04   6.00253989e-05]]

 ..., 
 [[ -3.41190957e-04   1.49260345e-03   6.71227521e-04]
  [ -1.26796192e-03  -3.02597764e-03   7.50757754e-05]
  [  3.82671016e-04  -2.74123577e-03  -1.45273400e-03]
  ..., 
  [ -5.01267263e-04  -2.51481496e-03  -6.84270461e-04]
  [  5.81079366e-05  -2.84108194e-03  -9.41681210e-04]
  [  3.15180456e-04  -1.76812266e-03  -1.18905422e-03]]

 [[  1.59758516e-03   4.71538733e-05  -1.64619953e-04]
  [  7.41614902e-04  -1.57219695e-03  -4.65918623e-04]
  [  3.50548566e-04  -7.13543035e-04  -1.06247095e-03]
  ..., 
  [ -1.40814157e-03   8.20324640e-05   1.16258254e-03]
  [ -1.60692562e-03  -4.50307154e-04  -2.92399665e-04]
  [  9.77477292e-04  -1.39329513e-03  -1.03149097e-03]]

 [[  1.41568878e-03  -9.09422306e-05   1.18539843e-04]
  [  7.32645567e-04  -6.49015419e-05  -6.58337085e-04]
  [  4.13299771e-04   6.55393698e-04  -8.33732425e-04]
  ..., 
  [ -2.41744658e-03  -1.38393464e-03   1.58945494e-03]
  [ -5.03713149e-04  -1.30208419e-03   1.45608967e-03]
  [  1.98123790e-03   4.35937807e-04   2.63271213e-05]]]
score: 497.632 <class 'tensorflow.python.framework.ops.Tensor'>
g.std() 0.00171561
t_grad: Tensor("gradients/sub_grad/Reshape:0", dtype=float32) <class 'tensorflow.python.framework.ops.Tensor'>
t_score: Tensor("Mean:0", shape=(), dtype=float32) <class 'tensorflow.python.framework.ops.Tensor'>
t_input: [[[  97.68002678  100.22432113   99.30546149]
  [ 101.81524472   98.42495131   98.42361799]
  [ 106.08355066  104.9570616   101.79131924]
  ..., 
  [  98.27806593  108.62599215  104.0183759 ]
  [ 105.96690443  108.64300823  103.56696528]
  [ 101.60435468  121.68678297  105.70598669]]

 [[  94.7665984    99.30539114  101.81475489]
  [  99.68429999  100.54928922  101.86725228]
  [ 117.65497987  109.82248508  102.77749765]
  ..., 
  [ 105.45147782  102.83183441  105.58999973]
  [ 109.31876364  109.17747216  100.6225582 ]
  [ 105.25279155  113.14459858  104.62862111]]

 [[  97.4305801   105.9479918    98.68416714]
  [ 104.29099474  103.65578896  100.63545306]
  [ 112.99053599  108.26776978  100.43520816]
  ..., 
  [ 113.3957867   114.38717084  104.10801943]
  [ 110.75901596  117.86151074  116.24740749]
  [ 110.60309877  112.85030891  102.39907566]]

 ..., 
 [[ 111.32323815  109.33712712  111.42829681]
  [ 106.39782887   97.10233685  101.62274913]
  [ 103.06163186   97.11771114   98.34002096]
  ..., 
  [ 111.14819678   94.1843026    98.46177079]
  [ 109.6710156   114.14704247   92.57412784]
  [ 112.34892097  108.16173959   95.45174873]]

 [[ 105.38233165   96.63931612  106.35666706]
  [  99.67954372   93.98385001  102.80851149]
  [ 103.35127408   86.90384003   98.57779304]
  ..., 
  [ 108.48886655  100.92032893   93.05195629]
  [ 112.07549701  102.87682395   97.39543098]
  [ 126.87447338  115.98498706  103.07722154]]

 [[ 106.5459111   101.79923875  103.84543617]
  [ 101.73209164  105.71873782  105.62650529]
  [ 109.43742432   94.18719747  105.60565427]
  ..., 
  [ 100.93011515  102.88439148  112.26885648]
  [ 106.93527839   85.88741996  110.32297755]
  [ 120.61127038  117.65552299  109.8288959 ]]] <type 'numpy.ndarray'>
g: [[[  4.67422342e-06  -1.40071024e-05  -1.21422941e-04]
  [ -3.62006031e-05  -4.98630834e-05  -1.80928415e-04]
  [  1.39053329e-04   2.95977588e-05   6.38617166e-06]
  ..., 
  [ -5.70430129e-05  -9.00346204e-04   3.37922422e-04]
  [  1.71184598e-04   2.52413505e-04   7.88095058e-04]
  [  1.35189283e-03   1.22879155e-03   5.86678507e-04]]

 [[ -7.23422818e-06   1.88704638e-04  -3.04147805e-04]
  [ -3.98940610e-05   3.35020770e-04  -3.28306429e-04]
  [  1.34476155e-04   3.66981054e-04  -7.54075518e-05]
  ..., 
  [  7.82224815e-04   1.15535036e-03   6.65772008e-04]
  [  8.99860752e-05  -8.29432567e-04   2.92527315e-04]
  [  7.97712768e-04  -6.50278525e-04  -1.38424308e-04]]

 [[ -5.96676109e-05   3.24912660e-04  -2.00251408e-04]
  [  3.48537360e-05   1.50066335e-04  -2.03795862e-04]
  [  5.29563287e-04  -8.32950056e-04   5.71851211e-04]
  ..., 
  [ -1.56431488e-04   2.29258323e-03  -4.31599678e-04]
  [  5.31327853e-04  -1.99887436e-03   7.30778091e-04]
  [  7.52953580e-04  -2.04337691e-03  -3.19970743e-04]]

 ..., 
 [[  2.14898711e-04   2.47444346e-04   1.06049978e-04]
  [  5.01483970e-04   9.91999987e-05   5.42257621e-05]
  [  1.13499595e-03   9.36472090e-04  -1.46064864e-04]
  ..., 
  [  1.41309167e-03   1.16116309e-03  -1.16294941e-05]
  [  2.21047597e-03   3.01101268e-03   9.37882229e-04]
  [  3.86159634e-04   1.32497505e-03   1.72346015e-04]]

 [[ -5.64875198e-04  -1.05816231e-03  -6.08481059e-05]
  [ -5.35776897e-04  -1.39815488e-03  -1.16853727e-04]
  [ -7.34519097e-04   4.20777360e-04  -2.32731181e-04]
  ..., 
  [  1.69560825e-03  -7.10639870e-04  -5.88842086e-04]
  [  1.84207410e-03   8.53226753e-04   3.63344094e-04]
  [ -1.20380789e-03  -5.78330888e-04  -3.53165640e-04]]

 [[ -3.51886731e-04  -3.23180808e-04  -1.48822321e-04]
  [ -2.57768697e-04  -3.09687108e-04   1.28624772e-04]
  [ -2.03073068e-04   1.64707933e-04   4.78624162e-04]
  ..., 
  [  7.02699064e-04  -2.44812545e-04  -1.09164196e-03]
  [ -6.58918696e-04   3.61011102e-04  -2.00408656e-04]
  [ -1.64127653e-03  -5.31613070e-04  -4.32251603e-04]]]
score: 534.554 <class 'tensorflow.python.framework.ops.Tensor'>
g.std() 0.00153976
t_grad: Tensor("gradients/sub_grad/Reshape:0", dtype=float32) <class 'tensorflow.python.framework.ops.Tensor'>
t_score: Tensor("Mean:0", shape=(), dtype=float32) <class 'tensorflow.python.framework.ops.Tensor'>
t_input: [[[  97.68913374  100.19703057   99.06888866]
  [ 101.74471374   98.3278012    98.07110843]
  [ 106.35447341  105.01472801  101.80376165]
  ..., 
  [  98.16692691  106.87181422  104.67676266]
  [ 106.30042973  109.13479483  105.10244018]
  [ 104.23829776  124.08088316  106.84903426]]

 [[  94.75250368   99.6730514   101.22217243]
  [  99.60657291  101.20202261  101.22760069]
  [ 117.91698475  110.53748786  102.63057833]
  ..., 
  [ 106.97551542  105.08284649  106.88714796]
  [ 109.49408684  107.56145792  101.19250002]
  [ 106.80700484  111.87763677  104.35892389]]

 [[  97.31432747  106.58103121   98.29400989]
  [ 104.35890156  103.94816876  100.23839001]
  [ 114.02230383  106.6449022   101.54936715]
  ..., 
  [ 113.09100545  118.85389571  103.26711776]
  [ 111.7942218   113.96702956  117.67120963]
  [ 112.07010617  108.8691218   101.77566478]]

 ..., 
 [[ 111.7419333   109.81923211  111.63491792]
  [ 107.37488871   97.29561188  101.72839919]
  [ 105.27298659   98.94227453   98.05543736]
  ..., 
  [ 113.90137586   96.44663981   98.43911262]
  [ 113.97776829  120.01351042   94.40143852]
  [ 113.10129014  110.74323773   95.78753687]]

 [[ 104.28176431   94.57765917  106.23811444]
  [  98.6356697    91.25977302  102.58084103]
  [ 101.92018325   87.72365614   98.12435426]
  ..., 
  [ 111.79248308   99.53576286   91.90469348]
  [ 115.66447817  104.53919738   98.10334772]
  [ 124.52904992  114.85820345  102.3891358 ]]

 [[ 105.86031714  101.16957362  103.55548014]
  [ 101.22987137  105.11536292  105.87710971]
  [ 109.04176952   94.50810405  106.53817549]
  ..., 
  [ 102.29920988  102.40741413  110.14196987]
  [ 105.65148256   86.59079124  109.93251396]
  [ 117.41351027  116.61976151  108.98672399]]] <type 'numpy.ndarray'>
g: [[[ -3.27535236e-05   4.27027466e-04   7.67426856e-04]
  [  2.19254624e-04   1.16616755e-03   3.56640725e-04]
  [  1.36280281e-03   9.17103142e-04   6.65200467e-04]
  ..., 
  [  7.97274552e-05   8.66172195e-04   6.70328518e-05]
  [  2.15806809e-04   3.69906957e-05   2.64393690e-04]
  [ -4.02577192e-04  -2.62777088e-04  -4.08640481e-05]]

 [[  3.99744458e-05  -9.19358688e-04   4.30869986e-04]
  [ -3.73951916e-05  -1.05659943e-03  -4.61892341e-06]
  [  1.31318578e-03  -8.48158670e-04   5.08818484e-04]
  ..., 
  [ -1.37479714e-04   1.00735982e-03   2.63548456e-04]
  [  1.80398172e-04   2.93419842e-04   6.77276839e-05]
  [ -6.34176075e-04   4.40702366e-04  -2.54823506e-04]]

 [[ -1.70499698e-04  -6.45969820e-04  -9.88331594e-05]
  [ -1.67852995e-04  -1.88179256e-05  -5.05978649e-04]
  [ -5.95272635e-04  -4.77769587e-04   5.59040112e-04]
  ..., 
  [  9.50529415e-04   5.62580244e-04  -3.17523052e-04]
  [ -9.69162153e-04   1.47057022e-03  -8.24899937e-04]
  [ -1.84604328e-03   1.34346331e-03  -3.73405288e-04]]

 ..., 
 [[ -1.36172795e-03  -9.00048879e-04  -5.34221181e-06]
  [ -4.92717256e-04   2.36451719e-03   5.43461472e-04]
  [  1.73378433e-03   1.30325463e-03   6.52105140e-04]
  ..., 
  [ -6.24961045e-04  -8.33287952e-04   1.78579497e-03]
  [ -1.25871832e-03  -3.59853613e-03  -5.31990314e-04]
  [  3.03419796e-03  -3.82137718e-03  -1.55302032e-03]]

 [[ -1.90100138e-04  -2.70989927e-04   2.57450709e-04]
  [ -1.22172627e-04   1.20599358e-03   6.48412039e-04]
  [  4.25385166e-04  -1.46680191e-04  -4.40424919e-04]
  ..., 
  [ -1.22943777e-03   1.48653740e-03   1.52731687e-03]
  [ -1.01887109e-03  -1.09639566e-03  -6.92214584e-04]
  [  2.17206450e-03  -1.77643285e-03  -1.39319757e-03]]

 [[  5.91717253e-06   6.70039561e-04   5.64857386e-04]
  [  4.24701953e-04   4.14924318e-04   3.03801324e-04]
  [  9.27142828e-05  -1.52955228e-03  -4.90333594e-04]
  ..., 
  [ -1.92350009e-03   9.46049695e-04   1.83257111e-03]
  [  2.40441831e-03   1.67232356e-03   1.25435274e-03]
  [  3.96988308e-03   1.23071205e-03  -9.51694557e-04]]]
score: 580.172 <class 'tensorflow.python.framework.ops.Tensor'>
g.std() 0.00146622
t_grad: Tensor("gradients/sub_grad/Reshape:0", dtype=float32) <class 'tensorflow.python.framework.ops.Tensor'>
t_score: Tensor("Mean:0", shape=(), dtype=float32) <class 'tensorflow.python.framework.ops.Tensor'>
t_input: [[[  97.6221181   101.07075396  100.63908922]
  [ 102.19332167  100.71384881   98.80081639]
  [ 109.14284831  106.89117521  103.16480105]
  ..., 
  [  98.33005399  108.64405367  104.81391584]
  [ 106.7419832   109.21047998  105.64340526]
  [ 103.41460115  123.54322572  106.76542401]]

 [[  94.83429376   97.79198925  102.10375785]
  [  99.53006014   99.04015785  101.2181501 ]
  [ 120.6038403   108.8021053   103.67165093]
  ..., 
  [ 106.69422382  107.14396414  107.42638367]
  [ 109.86319215  108.16181223  101.33107486]
  [ 105.50944319  112.77933983  103.83753995]]

 [[  96.96547501  105.25933886   98.09179142]
  [ 104.01546443  103.90966617   99.2031279 ]
  [ 112.80434085  105.66735741  102.69319614]
  ..., 
  [ 115.03584469  120.00496798  102.61744686]
  [ 109.81125895  116.97590303  115.98341566]
  [ 108.29299273  111.61792708  101.01165554]]

 ..., 
 [[ 108.95575757  107.97767914  111.62398744]
  [ 106.36676018  102.13355353  102.84035341]
  [ 108.82041138  101.60881038   99.38968293]
  ..., 
  [ 112.62266871   94.74168351  102.09295435]
  [ 111.40235649  112.65069361   93.31295495]
  [ 119.30943814  102.92447496   92.60996557]]

 [[ 103.89280824   94.02319781  106.76487377]
  [  98.38569729   93.72730709  103.90753027]
  [ 102.79054637   87.42353981   97.22321893]
  ..., 
  [ 109.27698086  102.57730587   95.02967369]
  [ 113.57980786  102.29590719   96.68703586]
  [ 128.97322183  111.22351698   99.53857156]]

 [[ 105.87242402  102.54051406  104.71121158]
  [ 102.09883664  105.96432261  106.49870509]
  [ 109.23146843   91.37854978  105.53492406]
  ..., 
  [  98.36361532  104.34308761  113.89151855]
  [ 110.57106397   90.01246382  112.49899365]
  [ 125.53612513  119.13787107  107.03950081]]] <type 'numpy.ndarray'>
g: [[[  9.36992728e-06   3.04968853e-05  -5.01637624e-05]
  [ -9.21737737e-05   3.28106689e-04  -1.47213286e-04]
  [ -9.56813601e-05   5.28106524e-04   6.33294403e-05]
  ..., 
  [  2.86697294e-04  -1.19448523e-03   5.85654110e-04]
  [ -1.02132454e-03   1.25405984e-03   4.33634821e-04]
  [  5.14889660e-04   7.21680233e-04   1.41544238e-04]]

 [[ -6.36543118e-05   3.75439122e-04  -8.51972291e-05]
  [ -3.18658480e-04   2.41140078e-04  -2.74878927e-04]
  [ -5.48863783e-04   4.96747554e-04   1.48355495e-04]
  ..., 
  [  6.91809109e-04  -2.96589872e-03   1.35324342e-04]
  [ -3.72762734e-04   4.14267211e-04  -1.22414276e-04]
  [  4.55602858e-04   8.36117892e-04   3.17062717e-04]]

 [[  2.39981047e-04   8.74421676e-06  -1.30566405e-04]
  [ -9.93150752e-06  -3.57222802e-04  -1.08427514e-04]
  [ -5.22994495e-04   4.20113822e-04  -2.18930101e-04]
  ..., 
  [ -9.74601717e-04  -3.23236082e-03  -2.45325762e-04]
  [ -8.65769107e-04   1.43070100e-03   1.42259360e-03]
  [  2.95858103e-04   1.44567003e-03   2.04029348e-04]]

 ..., 
 [[  8.55085964e-04   1.54701804e-04   1.79605951e-04]
  [  4.27253894e-04   1.49994576e-03   1.74726840e-04]
  [ -5.66108909e-04   1.30513450e-04   4.70996456e-05]
  ..., 
  [  3.69596470e-04   1.74957234e-03  -1.27841311e-03]
  [  4.24055266e-04   4.03667241e-03   1.50036358e-03]
  [ -1.60550908e-03   2.63319793e-03   3.96451826e-04]]

 [[ -3.14846140e-04  -5.42705471e-04  -3.15617945e-06]
  [ -9.97723313e-04   2.35171290e-04   4.46635939e-04]
  [ -2.15700688e-03  -5.93817909e-04  -1.43535755e-04]
  ..., 
  [  2.18907697e-03  -1.21233147e-03  -4.76657413e-04]
  [  3.03569273e-03   1.09375198e-03   1.40934438e-03]
  [  4.74317552e-04   1.44027185e-03   4.09216329e-04]]

 [[ -5.22257644e-04  -1.05544401e-04   4.24870348e-04]
  [ -6.13691751e-04   2.43195202e-04   1.42451914e-04]
  [ -3.14689009e-04  -9.59430647e-04   4.29542415e-05]
  ..., 
  [  1.02832075e-03  -3.24288441e-04  -9.21894214e-04]
  [ -1.12274356e-04  -1.33575650e-03  -3.30435170e-04]
  [ -1.18548435e-03  -7.95226719e-04   3.08310176e-04]]]
score: 603.677 <class 'tensorflow.python.framework.ops.Tensor'>
g.std() 0.00145064
t_grad: Tensor("gradients/sub_grad/Reshape:0", dtype=float32) <class 'tensorflow.python.framework.ops.Tensor'>
t_score: Tensor("Mean:0", shape=(), dtype=float32) <class 'tensorflow.python.framework.ops.Tensor'>
t_input: [[[  97.6414955   101.13382276  100.5353485 ]
  [ 102.00270252  101.39238689   98.49637327]
  [ 108.94497535  107.98332113  103.29576894]
  ..., 
  [  98.92295576  106.17380902  106.02507257]
  [ 104.62984207  111.80392718  106.54017985]
  [ 104.47941405  125.03569002  107.05814331]]

 [[  94.70265403   98.56841276  101.92756647]
  [  98.87106129   99.53884541  100.64968922]
  [ 119.46876747  109.8293997   103.97845619]
  ..., 
  [ 108.12491351  101.01036391  107.70623996]
  [ 109.09230358  109.01853387  101.07791713]
  [ 106.45164862  114.50846593  104.49323867]]

 [[  97.46176567  105.27742226   97.82177475]
  [ 103.99492566  103.17091476   98.97889536]
  [ 111.72276677  106.53617009  102.2404397 ]
  ..., 
  [ 113.0203284   113.32031279  102.11010309]
  [ 108.02081291  119.93465137  118.92539769]
  [ 108.90483942  114.60763217  101.43359661]]

 ..., 
 [[ 110.72411044  108.29760883  111.99541993]
  [ 107.25033872  105.23550274  103.20169569]
  [ 107.64967483  101.87871756   99.48708692]
  ..., 
  [ 113.38700941   98.35987094   99.4491436 ]
  [ 112.27932022  120.99869795   96.41576819]
  [ 115.98917952  108.37003636   93.42984415]]

 [[ 103.24169354   92.90086059  106.75834666]
  [  96.3223645    94.21365101  104.83119174]
  [  98.32976718   86.19549995   96.92638109]
  ..., 
  [ 113.8040819   100.07015474   94.04392659]
  [ 119.8577448   104.55783122   99.60161787]
  [ 129.95412999  114.20205835  100.38484773]]

 [[ 104.79237379  102.32224391  105.58986087]
  [ 100.82969687  106.46726028  106.79330149]
  [ 108.58067863   89.39440783  105.6237552 ]
  ..., 
  [ 100.49022488  103.67244583  111.98500343]
  [ 110.338876     87.25006439  111.81564016]
  [ 123.08449502  117.49330954  107.6770989 ]]] <type 'numpy.ndarray'>
g: [[[ -5.90548560e-04  -2.06067052e-04  -1.48213338e-04]
  [  4.08279535e-04  -8.48985801e-05  -2.86139082e-04]
  [  5.98655024e-04   5.50812110e-04   3.35921999e-04]
  ..., 
  [  3.60757316e-04   1.81775726e-03   4.21525969e-04]
  [  4.73865482e-04   1.54388152e-04  -7.83720636e-04]
  [ -1.05940015e-03  -1.18304451e-04  -2.71223660e-04]]

 [[ -4.50087333e-04  -3.44871834e-04  -1.39783268e-04]
  [  2.44324445e-04  -5.75752929e-04  -2.91082833e-04]
  [  8.24062794e-04   3.87519685e-04   1.38924399e-04]
  ..., 
  [ -6.40185026e-04   1.20187906e-04   3.15746409e-04]
  [  3.46961489e-04   1.41758809e-03   4.87244688e-06]
  [  1.71408406e-04   1.24467467e-03   6.99423894e-04]]

 [[ -3.42256506e-04   2.44852738e-04  -4.66532656e-04]
  [  1.60747732e-04   2.12016384e-04  -6.65828353e-04]
  [ -5.18969377e-04   1.43981387e-03  -6.34495984e-04]
  ..., 
  [  1.46550755e-03   1.22106203e-03  -1.34207367e-05]
  [  1.91291107e-03   1.95169868e-03   2.82750523e-04]
  [  1.62114576e-03   1.26804039e-03   4.78660804e-05]]

 ..., 
 [[  4.84639895e-06  -1.43992063e-03   8.26800184e-04]
  [  4.57390386e-04  -2.10646912e-03   1.23560603e-03]
  [  5.72677294e-04   3.55038536e-03   1.50058919e-03]
  ..., 
  [ -7.56042020e-04  -1.62300677e-03   1.97105401e-04]
  [  3.42821557e-04  -1.40985858e-03  -1.92362699e-04]
  [ -2.49776960e-04  -1.24394719e-03  -4.35978989e-04]]

 [[ -6.32962154e-04   2.52753554e-04   6.93144684e-05]
  [ -6.05417299e-04  -2.74360087e-03  -1.07592758e-04]
  [  9.68031294e-04   4.24619764e-04   8.62025307e-04]
  ..., 
  [ -5.44739596e-04   8.48081894e-04   4.93877043e-04]
  [ -7.10633642e-04   2.96170474e-04   9.24476917e-05]
  [ -6.75848627e-04  -6.35185977e-04  -9.34987213e-04]]

 [[ -7.40410411e-04   1.05837896e-03   3.51301336e-04]
  [ -2.09595892e-05  -9.77454591e-04   1.49611151e-05]
  [  3.26789450e-04   2.55229534e-03   3.11941374e-04]
  ..., 
  [ -8.87801463e-04  -6.00158237e-04   2.64151924e-04]
  [ -1.02072395e-03   9.28247871e-04   6.31204821e-05]
  [ -1.89439161e-04   7.93276238e-04  -1.56663038e-04]]]
score: 627.658 <class 'tensorflow.python.framework.ops.Tensor'>
g.std() 0.00139117
t_grad: Tensor("gradients/sub_grad/Reshape:0", dtype=float32) <class 'tensorflow.python.framework.ops.Tensor'>
t_score: Tensor("Mean:0", shape=(), dtype=float32) <class 'tensorflow.python.framework.ops.Tensor'>
t_input: [[[  96.36801115  100.68945091  100.21573489]
  [ 102.88313406  101.20930795   97.87933067]
  [ 110.23594078  109.17111605  104.02016552]
  ..., 
  [  99.70090831  110.09369871  106.93406927]
  [ 105.651706    112.13685644  104.85013103]
  [ 102.19487816  124.78057323  106.47326499]]

 [[  93.73206641   97.82471631  101.62613184]
  [  99.39793303   98.29726707  100.02198567]
  [ 121.24581201  110.66506385  104.27803873]
  ..., 
  [ 106.74439102  101.26954228  108.38712909]
  [ 109.84050626  112.07548182  101.08842428]
  [ 106.82128107  117.1925358   106.00150631]]

 [[  96.72370907  105.80543323   96.81572368]
  [ 104.34156896  103.628116     97.54307454]
  [ 110.6036389   109.64104661  100.87218528]
  ..., 
  [ 116.18061197  115.95346336  102.08116204]
  [ 112.14589683  124.14337825  119.53513306]
  [ 112.40074768  117.34208895  101.53681708]]

 ..., 
 [[ 110.73456142  105.192502    113.77836747]
  [ 108.23667495  100.69302227  105.86620975]
  [ 108.88462072  109.53492083  102.72302189]
  ..., 
  [ 111.75664797   94.85994938   99.87419014]
  [ 113.01859538  117.95841833   96.00094901]
  [ 115.45054975  105.68753505   92.48968036]]

 [[ 101.87674682   93.44590918  106.90781936]
  [  95.01681655   88.29723198  104.59917409]
  [ 100.41727156   87.11116832   98.78528951]
  ..., 
  [ 112.629382    101.898995     95.10894429]
  [ 118.32530389  105.19650596   99.80097605]
  [ 128.49670093  112.83231596   98.36860117]]

 [[ 103.19572093  104.60457776  106.3474222 ]
  [ 100.78449871  104.35943524  106.82556428]
  [ 109.28538143   94.89828738  106.29643897]
  ..., 
  [  98.57573168  102.37823885  112.55463196]
  [ 108.13774299   89.25177814  111.95175588]
  [ 122.67598028  119.20396452  107.33926401]]] <type 'numpy.ndarray'>
g: [[[ -1.28009269e-04  -1.52107896e-05  -1.01862272e-04]
  [  4.08364518e-04   1.22858124e-04  -1.36701768e-04]
  [  5.06349432e-04   4.11490910e-05   1.13110882e-05]
  ..., 
  [ -1.36044066e-04  -9.36382858e-04   6.50665490e-04]
  [  4.89627564e-06  -4.41089796e-04   8.94414959e-04]
  [  9.77423973e-04   5.67005831e-04   4.11362649e-04]]

 [[ -2.50327983e-04   2.17878696e-04  -2.99816427e-04]
  [ -4.94728331e-04   2.79563974e-05  -4.90166363e-04]
  [ -2.37364184e-05   1.23547681e-04  -3.76093027e-04]
  ..., 
  [  5.46850963e-04   6.30763127e-04   2.77770770e-04]
  [ -3.12411430e-04  -1.72781036e-03  -2.62675894e-04]
  [  1.51516695e-04  -8.39289511e-04  -5.15776977e-04]]

 [[  1.50062289e-04   1.19962357e-03  -2.34044157e-04]
  [ -1.41334516e-04   5.68837568e-04  -1.93131331e-04]
  [  5.93648292e-04  -1.14208902e-03  -1.40383141e-04]
  ..., 
  [ -1.41780719e-03   9.60380887e-04   3.22143052e-04]
  [ -1.42555172e-03  -2.16448214e-03  -5.72369900e-04]
  [ -7.62088399e-04  -1.46369124e-03  -1.56824361e-04]]

 ..., 
 [[  2.38600565e-04  -9.49579000e-04   1.92750071e-04]
  [  4.60082723e-04   2.65642395e-03   8.50691344e-04]
  [ -3.33909353e-04  -7.03622994e-04  -7.75589258e-04]
  ..., 
  [  6.93282855e-05   6.01410400e-04  -9.12320393e-04]
  [  1.50546012e-03   1.02565461e-03  -1.11848662e-04]
  [  8.71478405e-04   1.11191801e-03   1.38330433e-04]]

 [[  1.44201826e-04  -5.73534053e-04  -2.98487343e-04]
  [ -4.21842822e-04   1.75253639e-03   6.92449219e-04]
  [ -2.61507276e-03  -1.41081004e-03  -3.51559174e-05]
  ..., 
  [  1.30120211e-03   4.41791955e-04  -1.10424931e-04]
  [  1.22025935e-03   1.30036357e-03  -5.26691962e-04]
  [ -5.05834760e-04   1.27312820e-03  -4.16662253e-04]]

 [[  1.01872371e-04   9.16180201e-04   5.32700564e-04]
  [  3.14196746e-04   1.01475848e-03   4.52322216e-04]
  [ -3.55478958e-04  -1.69004244e-03  -6.41675433e-06]
  ..., 
  [  8.35355255e-04   9.74973780e-04  -7.37341470e-04]
  [  6.35624456e-05   5.27748140e-04   4.27349965e-04]
  [ -2.84832553e-04  -1.20277982e-05  -4.09250963e-04]]]
score: 663.484 <class 'tensorflow.python.framework.ops.Tensor'>
g.std() 0.00131776
t_grad: Tensor("gradients/sub_grad/Reshape:0", dtype=float32) <class 'tensorflow.python.framework.ops.Tensor'>
t_score: Tensor("Mean:0", shape=(), dtype=float32) <class 'tensorflow.python.framework.ops.Tensor'>
t_input: [[[  96.07658854  100.65482243   99.98383787]
  [ 103.81280612  101.48900358   97.56811896]
  [ 111.38868281  109.264795    104.04591605]
  ..., 
  [  99.3911939   107.96195385  108.41535746]
  [ 105.66285274  111.1326828   106.88633299]
  [ 104.42005641  126.07140408  107.40976255]]

 [[  93.16217621   98.32073335  100.94357747]
  [  98.27164724   98.36091189   98.90608563]
  [ 121.19177429  110.94632929  103.42183505]
  ..., 
  [ 107.98933774  102.70552129  109.0194948 ]
  [ 109.12927849  108.14199345  100.49042316]
  [ 107.16622007  115.28183095  104.82730184]]

 [[  97.06533699  108.53646512   96.28290483]
  [ 104.01981045  104.92311691   97.10339674]
  [ 111.9551232   107.0409964   100.55259265]
  ..., 
  [ 112.95286882  118.13984184  102.81454462]
  [ 108.90052263  119.21577405  118.23209053]
  [ 110.6657969   114.00988747  101.17979479]]

 ..., 
 [[ 111.27775333  103.03071496  114.21717731]
  [ 109.28408735  106.74056818  107.80287159]
  [ 108.12445134  107.93307091  100.9573355 ]
  ..., 
  [ 111.91447895   96.22910467   97.79722528]
  [ 116.44588701  120.29339714   95.74631723]
  [ 117.43453494  108.21889877   92.80459983]]

 [[ 102.20503299   92.14021639  106.22829076]
  [  94.05646007   92.28701097  106.17558605]
  [  94.46386427   83.89935463   98.70525446]
  ..., 
  [ 115.59166513  102.90476711   94.85755377]
  [ 121.10331474  108.15688007   98.60192276]
  [ 127.34513061  115.7306867    97.42003867]]

 [[ 103.42764093  106.69032977  107.56015451]
  [ 101.49979087  106.66960804  107.85530927]
  [ 108.47610723   91.05078038  106.28183075]
  ..., 
  [ 100.47747986  104.59783881  110.87601937]
  [ 108.2824476    90.45323588  112.92464977]
  [ 122.02753789  119.17658234  106.40757385]]] <type 'numpy.ndarray'>
g: [[[  1.09288208e-04   2.20032889e-04  -1.19255157e-04]
  [  2.72136036e-04   1.08153385e-04  -1.28975982e-04]
  [  3.90677014e-04  -2.92609911e-05  -2.09926693e-05]
  ..., 
  [ -1.52141103e-04   6.98002055e-04  -5.99897758e-05]
  [  1.58456591e-04  -2.83386646e-04  -6.58365840e-04]
  [ -3.31455958e-04   3.41055420e-04  -4.13338130e-04]]

 [[  4.98691297e-05   2.18069181e-05   1.18967750e-04]
  [ -1.20066019e-04  -3.77196528e-04   2.39227782e-04]
  [  1.83730852e-04   6.96685383e-05   2.30961319e-04]
  ..., 
  [ -6.77316275e-04   3.23705783e-04  -1.64895209e-05]
  [  5.71474549e-04  -9.88572574e-05  -8.12460203e-05]
  [  5.51525969e-04   1.04396511e-03   3.42382351e-04]]

 [[  2.92397162e-04   3.48727954e-05   8.02973227e-05]
  [  7.33281922e-05  -3.19669838e-04   1.68164144e-04]
  [ -3.81347025e-04   5.37629348e-05   1.47839019e-05]
  ..., 
  [  9.84960468e-04   1.45538198e-03   2.78763880e-04]
  [  2.47227307e-03   1.35599752e-03   6.17928861e-04]
  [  1.13441260e-03   8.89601884e-04  -2.46195559e-05]]

 ..., 
 [[ -3.34182288e-04   1.10132957e-03   3.47641209e-04]
  [ -1.12688239e-03  -1.14014512e-03   3.10553878e-04]
  [  3.18159582e-05   1.39745825e-05   3.35636985e-04]
  ..., 
  [ -2.32801569e-04   1.09250227e-03   3.80662503e-04]
  [  6.64074381e-04   1.26379449e-03  -1.21266668e-04]
  [ -3.32523603e-04  -2.13477659e-04  -2.97812046e-04]]

 [[  5.08737692e-04   1.04882114e-03   3.69486457e-04]
  [ -6.71847316e-04  -7.19691860e-04   5.51136036e-04]
  [ -6.84335129e-04  -2.59952620e-04  -1.71894411e-04]
  ..., 
  [  9.23803891e-05  -4.61375294e-03  -7.93213665e-04]
  [  8.84467270e-04  -3.98600649e-04   3.30925104e-04]
  [  8.30343342e-04   1.44941302e-03   4.25864098e-04]]

 [[ -4.98055160e-05   7.73321663e-04   4.14730923e-04]
  [  1.31590830e-04  -7.20953802e-04   4.50494495e-04]
  [  5.16639906e-04  -6.22164458e-04  -5.92943223e-04]
  ..., 
  [ -5.37079002e-04  -1.76019769e-03  -2.76801700e-04]
  [ -6.02065644e-04  -6.72359893e-05  -3.96066112e-04]
  [ -6.30096591e-04   6.94983057e-04   3.30142473e-04]]]
score: 687.882 <class 'tensorflow.python.framework.ops.Tensor'>
g.std() 0.00132223
t_grad: Tensor("gradients/sub_grad/Reshape:0", dtype=float32) <class 'tensorflow.python.framework.ops.Tensor'>
t_score: Tensor("Mean:0", shape=(), dtype=float32) <class 'tensorflow.python.framework.ops.Tensor'>
t_input: [[[  96.32455018  101.15405028   99.71326243]
  [ 104.43024968  101.73439044   97.27548814]
  [ 112.27508137  109.19840538  103.99828624]
  ..., 
  [  99.04600427  109.54563555  108.27924796]
  [ 106.02237145  110.48971301  105.39258099]
  [ 103.66802317  126.84521733  106.47194868]]

 [[  93.2753232    98.37021059  101.2135008 ]
  [  97.99923205   97.50509892   99.44886436]
  [ 121.60863723  111.10439872  103.94585817]
  ..., 
  [ 106.45258957  103.43997031  108.98208208]
  [ 110.42588467  107.91769837  100.30608582]
  [ 108.41756534  117.65046088  105.60412572]]

 [[  97.72875052  108.61558725   96.46508969]
  [ 104.1861832   104.19782495   97.4849407 ]
  [ 111.08989318  107.16297796  100.58613553]
  ..., 
  [ 115.18762434  121.44192653  103.4470259 ]
  [ 114.50980894  122.29236721  119.63409597]
  [ 113.23964085  116.02828575  101.12393601]]

 ..., 
 [[ 110.51953445  105.5294976   115.00593291]
  [ 106.72732823  104.15371754  108.50748051]
  [ 108.19663787  107.96477754  101.71885493]
  ..., 
  [ 111.38628053   98.70785943   98.66090213]
  [ 117.95259087  123.16079302   95.47117792]
  [ 116.68007937  107.73454395   92.12890053]]

 [[ 103.35929684   94.51986389  107.06661054]
  [  92.53212028   90.65411765  107.42604668]
  [  92.91119117   83.30955379   98.31524697]
  ..., 
  [ 115.80126499   92.43672283   93.05784851]
  [ 123.11006318  107.25250374   99.35275157]
  [ 129.2290787   119.0192285    98.38627246]]

 [[ 103.31463828  108.44490252  108.50112851]
  [ 101.79835444  105.03385154  108.8774264 ]
  [ 109.64830028   89.63916501  104.9365147 ]
  ..., 
  [  99.25891297  100.60416454  110.24799003]
  [ 106.91643395   90.3006856   112.02602404]
  [ 120.59792537  120.75341416  107.15662697]]] <type 'numpy.ndarray'>
g: [[[ -5.26343792e-05  -5.07629185e-04  -2.95227983e-05]
  [  4.23556368e-04  -1.68169558e-04  -2.40210240e-04]
  [  5.26061631e-04  -1.90913153e-04   3.43522464e-04]
  ..., 
  [  2.09420192e-04  -1.77777838e-03  -3.05458205e-04]
  [ -7.03123951e-05   4.15085378e-04   3.43645195e-04]
  [  5.93382807e-04  -2.76684412e-04   1.23929523e-04]]

 [[ -3.42251355e-04  -1.06992185e-04  -1.53900313e-04]
  [ -4.80137009e-04  -2.39222252e-04  -4.28708794e-04]
  [  2.94822414e-04  -4.93046828e-04   2.26102275e-05]
  ..., 
  [  4.07424843e-04  -9.43772204e-04  -6.31194329e-04]
  [ -7.55164365e-06   8.59176798e-04  -5.73456986e-04]
  [  1.00500707e-04  -5.00983442e-05  -2.46369949e-04]]

 [[  4.77944559e-04   7.04158854e-04   9.49137029e-06]
  [  2.93787511e-04   3.03200242e-04   1.05952044e-04]
  [  2.42825612e-04   1.17480813e-04  -2.38083987e-04]
  ..., 
  [ -3.29112634e-04  -1.28664763e-03   2.91044154e-04]
  [ -5.13028353e-04  -8.10845406e-04   7.31630076e-04]
  [  1.17453179e-04   1.71334264e-04   1.46313265e-04]]

 ..., 
 [[  3.31718213e-04   4.30213928e-04  -1.81560288e-04]
  [  3.77430668e-04  -5.31440950e-04   9.86368977e-05]
  [ -1.02990576e-04  -6.88753847e-04  -1.07366650e-03]
  ..., 
  [ -1.63057557e-04  -1.11901434e-03  -4.22367535e-04]
  [ -4.03444050e-04  -2.52834568e-03  -8.78725783e-04]
  [ -2.82562280e-04  -2.25853315e-03  -9.12683958e-04]]

 [[ -2.27595650e-04   3.11314769e-04   3.79003119e-04]
  [ -2.05150311e-04   6.93654758e-04   3.17280646e-05]
  [  2.62304733e-04   4.10934241e-04  -1.40963343e-03]
  ..., 
  [ -3.28320282e-04   5.61013864e-03   6.63481129e-04]
  [ -1.74183864e-03   7.55905232e-04  -9.23923450e-04]
  [  3.04858549e-04  -1.71057507e-03  -7.54590787e-04]]

 [[ -3.81416583e-04  -2.05104021e-04   6.22034830e-04]
  [ -2.65989627e-04   1.26703363e-03   3.93083494e-04]
  [  7.35863752e-04   1.65937573e-03  -8.04049079e-04]
  ..., 
  [  3.15312820e-04   2.33451626e-03   4.25181264e-04]
  [  1.76612777e-03   2.27912702e-03   9.51397349e-04]
  [  2.87058624e-03   1.39292388e-03  -6.32388168e-04]]]
score: 705.321 <class 'tensorflow.python.framework.ops.Tensor'>
g.std() 0.0012888
t_grad: Tensor("gradients/sub_grad/Reshape:0", dtype=float32) <class 'tensorflow.python.framework.ops.Tensor'>
t_score: Tensor("Mean:0", shape=(), dtype=float32) <class 'tensorflow.python.framework.ops.Tensor'>
t_input: [[[  96.20203188   99.97242968   99.6445415 ]
  [ 105.41617196  101.34293813   96.71634502]
  [ 113.49960753  108.75401225  104.79791176]
  ..., 
  [  99.53347669  105.40745816  107.56822558]
  [ 105.8587036   111.45591718  106.19249213]
  [ 105.0492546   126.20117239  106.7604224 ]]

 [[  92.47865652   98.12116233  100.85526336]
  [  96.88160562   96.94825558   98.45094861]
  [ 122.29490246  109.95672178  103.99848853]
  ..., 
  [ 107.40096217  101.24312907  107.51283593]
  [ 110.40830653  109.9176247    98.97123623]
  [ 108.65150326  117.53384576  105.03064452]]

 [[  98.84127348  110.25467469   96.48718298]
  [ 104.87003945  104.90359145   97.73156781]
  [ 111.65512414  107.43644085  100.03194167]
  ..., 
  [ 114.42154098  118.44696598  104.12449634]
  [ 113.31562058  120.40494286  121.33712882]
  [ 113.51303943  116.4271046   101.4645129 ]]

 ..., 
 [[ 111.29168288  106.5309169   114.5833107 ]
  [ 107.60588269  102.91666963  108.73707997]
  [ 107.95690424  106.36154861   99.21965578]
  ..., 
  [ 111.00672751   96.10310307   97.67774712]
  [ 117.01348452  117.27550192   93.42574679]
  [ 116.02235237  102.47730222   90.0044241 ]]

 [[ 102.82951699   95.24451874  107.9488252 ]
  [  92.054587     92.26875431  107.49990085]
  [  93.52176417   84.26609521   95.03400937]
  ..., 
  [ 115.03702603  105.49557789   94.60224944]
  [ 119.05554352  109.01204251   97.20211275]
  [ 129.93870526  115.03748206   96.62979343]]

 [[ 102.42680576  107.96747694  109.94905384]
  [ 101.17920398  107.98315612  109.79241623]
  [ 111.36118792   93.50173386  103.06491038]
  ..., 
  [  99.99287419  106.03827375  111.23769464]
  [ 111.02749171   95.60586424  114.24061435]
  [ 127.27985782  123.99575639  105.68460182]]] <type 'numpy.ndarray'>
g: [[[  1.18073374e-04   1.96521898e-04  -1.83976590e-05]
  [  8.40896828e-05   1.07278189e-04   8.77171260e-07]
  [ -8.19446577e-05  -1.66135331e-04   1.85380661e-04]
  ..., 
  [ -2.34975232e-04  -1.43431826e-04   1.31557172e-05]
  [ -1.67509264e-04   9.52654591e-05  -1.39507290e-04]
  [  5.02877483e-05   1.53288711e-04   8.59836655e-06]]

 [[  3.40562547e-04   1.16968455e-04  -1.78334914e-04]
  [  3.07423179e-04   2.92581302e-04  -2.77547573e-04]
  [  9.11080424e-05   6.25149230e-04  -2.47860909e-04]
  ..., 
  [ -4.92271560e-04  -3.87136737e-04  -3.20295920e-04]
  [ -2.97801365e-04   2.75814731e-04  -2.19356312e-04]
  [ -8.19851994e-06   9.09340743e-04   2.97278719e-04]]

 [[ -2.07554513e-05  -2.85565329e-05  -3.67763103e-04]
  [  1.49795538e-04  -1.11083500e-04  -4.62947180e-04]
  [  3.59007448e-04  -7.32864210e-05  -4.14067152e-04]
  ..., 
  [  9.10455245e-04   5.59403910e-04  -1.07661916e-04]
  [  9.90442466e-04   1.23500731e-03  -8.73549667e-04]
  [  1.76915870e-04   1.14575680e-03  -7.93231244e-04]]

 ..., 
 [[ -1.55648595e-05   4.04684601e-04  -3.52862640e-04]
  [  2.56936357e-04   3.06237984e-04   2.35790852e-04]
  [  2.14865687e-03  -2.62921094e-05   6.93438982e-04]
  ..., 
  [ -5.25288691e-04   9.27139190e-04  -4.97678084e-05]
  [ -1.63503143e-03   3.62409931e-03   1.36341434e-03]
  [  9.77384188e-05   1.03774073e-03   9.75526345e-04]]

 [[ -7.71970372e-05  -5.20468806e-04  -7.08466978e-04]
  [  1.67541235e-04  -7.58363749e-04  -4.26019717e-04]
  [  1.71744527e-04  -1.77880377e-03   7.57980684e-04]
  ..., 
  [  2.28077319e-04  -3.04966769e-03  -9.88717657e-04]
  [ -7.01986835e-04   7.59503280e-04   2.15143999e-04]
  [  1.38240959e-03   5.51627250e-04   7.51853513e-04]]

 [[ -1.41518103e-04   9.85340797e-04   8.86631460e-06]
  [  5.34711638e-04   6.86104351e-04   1.95016095e-04]
  [ -3.28570197e-04  -7.90001766e-04   5.80234977e-04]
  ..., 
  [  2.14938982e-03  -1.00490008e-03  -9.27846879e-04]
  [ -5.34916180e-04  -9.49582143e-04  -5.30946942e-04]
  [ -2.40272697e-04  -1.30182575e-03   5.96715952e-04]]]
score: 728.456 <class 'tensorflow.python.framework.ops.Tensor'>
g.std() 0.00128345
visstd(img): (224, 224, 3)
----------showarray----------
